$SPEC_ID:
No sample description was entered.
$SPEC_REM:
DET# 2
DETDESC# DESKTOP-94TLD73 92X
AP# Maestro Version 6.06
$DATE_MEA:
01/05/2023 11:29:08
$MEAS_TIM:
67 68
$DATA:
0 4095
       0
       0
       0
       0
       0
       0
       0
       0
       0
       0
       0
       0
       0
       0
       0
       0
       0
       0
       0
       0
       0
       0
       0
       0
       0
       0
       0
       0
       0
       0
       0
       0
       0
       0
       0
       0
       0
       0
       0
       0
       0
       0
       0
       0
       0
       0
       0
       0
       0
       0
       0
       0
       0
       0
       0
       0
       0
       0
       0
       0
       0
       0
       0
       0
       0
       0
       0
       0
       0
       0
       0
       0
       0
       0
       0
       0
       0
       0
       0
       0
       0
       0
       0
       0
       0
       0
      11
      28
      59
      65
      56
      86
      57
      66
      58
      65
      66
      66
      70
      57
      69
      49
      42
      61
      52
      61
      48
      45
      59
      75
      60
      46
      56
      61
      56
      58
      60
      53
      65
      61
      53
      49
      55
      49
      53
      54
      40
      58
      48
      55
      42
      55
      57
      56
      47
      54
      47
      48
      65
      73
      46
      60
      50
      62
      59
      54
      61
      53
      53
      56
      56
      54
      58
      67
      62
      59
      46
      64
      45
      55
      54
      59
      61
      54
      61
      57
      62
      56
      64
      63
      61
      55
      46
      53
      56
      52
      56
      56
      72
      64
      62
      63
      59
      60
      63
      67
      68
      66
      81
      74
      83
      82
      70
      62
      72
      77
      73
      93
      77
      72
      94
     103
     123
     178
     285
     398
     538
     578
     475
     248
     141
      83
      52
      41
      33
      42
      42
      41
      55
      43
      49
      44
      49
      45
      43
      32
      46
      53
      44
      46
      47
      41
      42
      40
      49
      48
      46
      45
      45
      34
      42
      44
      42
      46
      58
      37
      55
      46
      40
      40
      50
      43
      48
      57
      39
      45
      44
      50
      36
      35
      44
      31
      42
      38
      53
      47
      41
      42
      55
      55
      36
      71
      43
      48
      41
      34
      31
      53
      49
      50
      44
      42
      35
      38
      47
      52
      49
      46
      50
      44
      39
      55
      40
      47
      35
      53
      43
      36
      52
      42
      41
      60
      54
      42
      45
      54
      41
      51
      51
      53
      55
      36
      49
      40
      38
      52
      39
      46
      52
      56
      44
      43
      48
      51
      37
      39
      49
      44
      47
      31
      41
      45
      30
      40
      34
      36
      50
      37
      47
      45
      33
      44
      45
      57
      52
      40
      60
      34
      51
      56
      34
      46
      40
      39
      54
      48
      42
      39
      44
      57
      47
      48
      48
      46
      44
      37
      45
      49
      48
      50
      35
      42
      33
      31
      46
      43
      44
      36
      34
      61
      51
      48
      54
      52
      48
      53
      56
      46
      58
      41
      42
      37
      49
      55
      50
      45
      41
      37
      50
      46
      40
      42
      33
      53
      46
      27
      50
      44
      48
      48
      57
      48
      54
      48
      54
      29
      42
      31
      56
      25
      41
      31
      44
      45
      48
      32
      36
      40
      43
      34
      39
      41
      32
      28
      23
      38
      45
      31
      29
      29
      35
      37
      36
      45
      41
      34
      36
      36
      36
      28
      33
      31
      36
      26
      29
      25
      35
      29
      32
      32
      32
      32
      31
      36
      28
      31
      39
      33
      36
      23
      28
      26
      34
      40
      38
      44
      24
      37
      29
      22
      27
      26
      36
      37
      30
      34
      32
      29
      40
      29
      33
      33
      26
      31
      28
      23
      36
      30
      23
      39
      33
      27
      34
      23
      27
      29
      29
      27
      29
      38
      29
      37
      30
      27
      23
      27
      29
      30
      39
      39
      25
      35
      31
      30
      29
      36
      24
      36
      31
      48
      40
      23
      25
      30
      30
      25
      34
      17
      27
      23
      16
      30
      28
      24
      26
      24
      24
      27
      20
      26
      25
      28
      16
      18
      24
      19
      29
      23
      24
      21
      16
      22
      23
      22
      27
      22
      23
      23
      24
      23
      33
      26
      21
      25
      24
      27
      15
      20
      20
      23
      25
      26
      17
      21
      14
      16
      25
      19
      18
      18
      10
      13
      25
      14
      24
      21
      14
      24
      20
      19
      13
      17
       9
      22
      21
      15
      18
      19
      12
      20
      19
      12
      12
      17
      12
      19
      16
      20
      19
      20
      17
      16
      14
       9
      13
      21
      13
      19
      13
      13
      10
      20
      15
      18
      14
      17
      15
      16
      18
      20
      12
      25
      16
      12
      21
      19
      11
      18
      24
      11
      16
      16
      14
      14
      14
      11
      14
      20
      18
      20
      16
      12
      13
      12
       9
      14
      13
      14
       8
      22
      13
      27
      20
      17
      16
      10
      13
      11
      10
      12
      14
      11
      13
      17
      17
       7
       8
      14
      14
       9
      19
      12
      23
      20
      11
       9
       9
      15
       9
      13
       9
      13
      24
      29
      28
      45
      64
      72
      97
      65
      50
      21
      15
      10
       9
       5
      13
      10
       9
      15
       9
       7
       7
       5
      16
      11
      10
      13
       9
      11
      11
       6
      10
       7
       7
       8
       8
       7
       9
      12
      13
      15
      12
      10
      14
      13
       6
       5
       9
      11
       6
       5
       9
       7
       9
      11
       9
      13
      14
       6
       7
      11
       9
      13
       5
      18
       7
      17
      17
      15
      21
      30
      58
     109
     160
     196
     186
     121
      56
      34
      16
       5
       7
       8
       7
       4
       9
       8
       3
       6
       7
       7
       9
      12
       6
       4
       8
       6
       9
       4
       6
       8
       6
       9
       4
       9
       6
       5
       5
       7
       7
       6
       5
       6
       4
       4
       7
       5
       2
       8
       6
       8
       9
       4
       2
      12
       8
       4
       5
       6
      11
       4
       5
       8
      10
       8
       7
      10
       6
       9
      12
      10
       3
       8
       4
      13
       7
       6
       9
       5
      10
       3
       8
       6
      10
       5
       6
       7
       8
       6
       7
       8
       8
      10
       7
       7
       5
       6
       7
       8
       4
      11
       6
       4
       7
       5
       6
       7
       5
       9
       7
       2
       9
       4
      12
       9
       5
       5
      10
      12
       7
      11
       9
       6
       7
       7
      13
       9
      13
      17
       6
      13
      13
      12
      12
      18
      42
      78
     139
     238
     387
     431
     454
     299
     178
      70
      23
       8
       1
       3
       2
       5
       2
       5
       0
       3
       0
       5
       1
       0
       2
       5
       5
       1
       3
       3
       2
       2
       3
       1
       0
       3
       1
       3
       3
       1
       1
       4
       2
       5
       4
       4
       5
       5
       2
       2
       2
       1
       3
       5
       0
       2
       9
       1
       2
       3
       4
       3
       2
       2
       6
       3
       1
       0
       1
       5
       7
       6
      12
      22
      32
      47
      54
      51
      55
      31
       8
       7
       6
       2
       2
       0
       2
       1
       3
       0
       1
       2
       1
       0
       3
       1
       3
       1
       2
       4
       4
       4
       0
       3
       2
       3
       2
       4
       3
       3
       3
       1
       2
       1
       1
       3
       2
       1
       1
       2
       0
       2
       4
       1
       2
       5
       3
       0
       3
       2
       1
       0
       1
       0
       3
       2
       1
       3
       2
       3
       1
       3
       2
       2
       2
       3
       3
       2
       2
       4
       2
       0
       2
       2
       5
       3
       2
       0
       2
       1
       2
       1
       6
       3
       3
       3
       4
       0
       0
       2
       1
       2
       2
       1
       2
       3
       2
       0
       1
       2
       1
       1
       3
       0
       2
       1
       1
       2
       0
       3
       1
       2
       1
       2
       1
       1
       1
       4
       1
       2
       4
       1
       0
       2
       3
       1
       3
       1
       1
       0
       3
       6
       4
       3
       0
       0
       3
       1
       3
       3
       1
       6
       1
       1
       2
       1
       0
       1
       2
       0
       2
       0
       0
       3
       2
       0
       3
       1
       1
       1
       2
       2
       2
       1
       1
       0
       0
       1
       1
       0
       2
       1
       2
       1
       2
       0
       0
       1
       1
       1
       2
       1
       2
       1
       0
       1
       0
       2
       2
       4
       1
       0
       0
       3
       0
       2
       1
       1
       3
       3
       1
       0
       1
       0
       1
       5
       1
       2
       1
       1
       0
       2
       2
       2
       0
       2
       3
       2
       3
       1
       2
       0
       1
       2
       0
       2
       1
       0
       2
       0
       2
       0
       3
       1
       0
       0
       2
       2
       1
       2
       2
       2
       0
       2
       2
       2
       1
       1
       0
       1
       1
       4
       2
       0
       1
       2
       0
       1
       2
       1
       2
       1
       0
       0
       1
       0
       3
       0
       1
       1
       1
       3
       2
       3
       0
       1
       0
       1
       2
       2
       1
       1
       2
       1
       2
       2
       3
       1
       2
       4
       2
       1
       1
       2
       0
       0
       1
       0
       1
       0
       1
       0
       0
       0
       0
       0
       2
       0
       1
       2
       3
       0
       2
       0
       2
       1
       2
       0
       2
       1
      10
       4
       3
       4
       3
       7
       3
       4
       3
       0
       2
       4
       4
       0
       1
       1
       1
       1
       1
       1
       0
       1
       0
       0
       2
       2
       1
       2
       3
       1
       1
       0
       3
       0
       2
       0
       4
       0
       2
       1
       0
       2
       1
       1
       0
       2
       1
       1
       2
       2
       2
       2
       1
       3
       3
       1
       2
       3
       1
       2
       1
       1
       0
       2
       2
       0
       0
       0
       0
       0
       0
       3
       0
       0
       2
       1
       2
       0
       0
       3
       1
       1
       3
       1
       1
       2
       1
       0
       0
       1
       1
       1
       0
       0
       0
       0
       1
       3
       2
       1
       0
       0
       1
       1
       0
       1
       0
       1
       0
       2
       0
       1
       0
       2
       0
       0
       1
       0
       0
       0
       1
       2
       0
       0
       1
       1
       0
       1
       2
       1
       1
       2
       1
       1
       0
       0
       0
       0
       2
       0
       3
       0
       0
       0
       2
       1
       3
       1
       1
       0
       2
       3
       0
       0
       1
       2
       0
       1
       0
       1
       1
       1
       1
       1
       0
       2
       0
       0
       1
       3
       1
       1
       0
       1
       3
       0
       0
       0
       1
       2
       1
       1
       4
       0
       0
       1
       3
       0
       1
       0
       1
       0
       1
       0
       2
       0
       2
       0
       1
       2
       1
       0
       2
       2
       0
       1
       0
       0
       0
       1
       1
       0
       3
       1
       1
       1
       1
       1
       0
       2
       3
       1
       1
       0
       1
       0
       1
       2
       1
       2
       1
       1
       0
       2
       0
       1
       1
       2
       2
       0
       1
       0
       0
       0
       0
       1
       0
       0
       2
       1
       1
       1
       2
       2
       0
       2
       1
       2
       1
       2
       0
       0
       2
       0
       1
       0
       0
       0
       1
       0
       0
       2
       1
       0
       0
       2
       0
       1
       3
       1
       1
       1
       0
       2
       0
       0
       3
       0
       1
       1
       0
       0
       1
       2
       0
       1
       0
       1
       2
       0
       0
       3
       1
       1
       4
       0
       1
       2
       1
       2
       1
       0
       2
       0
       1
       1
       0
       2
       1
       1
       0
       0
       0
       3
       1
       0
       1
       1
       1
       1
       3
       0
       2
       1
       1
       4
       0
       1
       1
       1
       0
       2
       1
       1
       1
       0
       0
       2
       0
       3
       0
       1
       1
       1
       1
       1
       0
       1
       0
       1
       1
       1
       4
       2
       0
       0
       1
       1
       0
       1
       2
       2
       1
       0
       0
       0
       0
       1
       0
       3
       1
       0
       1
       0
       1
       0
       1
       1
       4
       1
       1
       0
       2
       1
       1
       1
       1
       2
       2
       2
       0
       0
       1
       0
       1
       0
       2
       0
       2
       2
       1
       0
       0
       1
       0
       2
       0
       0
       2
       0
       0
       0
       1
       0
       4
       1
       0
       1
       0
       2
       0
       3
       0
       2
       0
       1
       0
       2
       0
       1
       0
       0
       1
       1
       2
       0
       0
       0
       0
       1
       0
       0
       0
       1
       1
       1
       0
       0
       0
       0
       1
       1
       0
       0
       2
       0
       0
       1
       0
       0
       1
       0
       1
       0
       0
       1
       0
       2
       1
       0
       0
       0
       0
       2
       0
       2
       0
       0
       0
       2
       1
       0
       2
       0
       0
       1
       0
       0
       0
       3
       1
       0
       0
       0
       0
       0
       3
       3
       1
       1
       0
       1
       0
       0
       2
       1
       0
       1
       1
       1
       1
       0
       0
       1
       0
       0
       0
       1
       0
       1
       1
       2
       0
       3
       0
       2
       1
       1
       0
       0
       0
       0
       0
       0
       0
       1
       0
       0
       2
       2
       0
       0
       0
       1
       1
       0
       3
       0
       3
       1
       0
       0
       0
       1
       0
       2
       0
       0
       3
       2
       0
       1
       0
       0
       2
       1
       3
       0
       0
       0
       1
       1
       1
       1
       1
       0
       0
       0
       0
       2
       1
       0
       0
       0
       0
       0
       0
       0
       0
       0
       0
       0
       1
       1
       0
       4
       0
       0
       1
       2
       0
       1
       0
       1
       0
       0
       1
       0
       0
       1
       2
       0
       0
       1
       0
       0
       1
       0
       0
       1
       2
       1
       0
       0
       0
       0
       0
       1
       0
       0
       1
       1
       0
       0
       0
       0
       0
       0
       2
       0
       0
       1
       2
       0
       1
       1
       1
       0
       1
       1
       0
       1
       0
       0
       1
       2
       1
       0
       2
       1
       0
       2
       0
       0
       1
       0
       1
       0
       0
       2
       0
       2
       0
       1
       1
       0
       0
       2
       0
       0
       0
       2
       2
       2
       0
       1
       0
       1
       1
       0
       1
       1
       0
       0
       2
       1
       0
       0
       0
       0
       0
       1
       2
       1
       0
       0
       0
       0
       1
       1
       0
       1
       0
       0
       0
       0
       1
       1
       0
       0
       0
       1
       0
       1
       1
       0
       0
       1
       0
       2
       1
       1
       1
       1
       0
       1
       1
       1
       0
       2
       1
       1
       1
       2
       0
       0
       2
       0
       1
       1
       2
       0
       1
       0
       1
       1
       1
       1
       0
       2
       0
       1
       0
       1
       1
       0
       1
       0
       1
       1
       1
       2
       1
       1
       2
       0
       0
       0
       0
       1
       0
       0
       1
       1
       0
       0
       1
       0
       0
       2
       0
       1
       1
       1
       0
       0
       0
       1
       1
       0
       3
       1
       1
       0
       0
       0
       0
       0
       0
       0
       2
       0
       2
       0
       0
       1
       0
       0
       2
       0
       1
       0
       1
       0
       2
       2
       0
       0
       0
       0
       0
       0
       2
       0
       0
       1
       1
       0
       2
       0
       1
       1
       0
       0
       1
       0
       1
       0
       0
       1
       0
       1
       0
       0
       2
       0
       2
       1
       2
       0
       2
       0
       0
       0
       0
       1
       0
       0
       0
       1
       2
       0
       1
       0
       0
       1
       3
       0
       0
       0
       1
       0
       0
       0
       2
       1
       0
       1
       1
       2
       1
       2
       1
       0
       1
       1
       1
       0
       0
       1
       2
       0
       0
       0
       0
       2
       0
       1
       2
       4
       2
       0
       1
       1
       1
       0
       0
       1
       0
       1
       0
       1
       0
       1
       1
       0
       0
       1
       0
       2
       1
       0
       2
       0
       0
       0
       0
       0
       0
       0
       1
       1
       1
       2
       0
       1
       0
       0
       1
       0
       0
       0
       1
       0
       0
       1
       1
       1
       1
       1
       1
       0
       1
       0
       1
       0
       1
       0
       0
       0
       1
       0
       0
       0
       1
       0
       2
       0
       0
       1
       0
       1
       0
       1
       1
       0
       0
       0
       1
       0
       0
       1
       1
       0
       0
       0
       1
       0
       1
       0
       0
       0
       3
       1
       3
       0
       1
       1
       1
       0
       1
       0
       1
       2
       0
       0
       0
       2
       1
       0
       1
       1
       1
       1
       0
       0
       0
       1
       0
       0
       1
       1
       1
       0
       1
       0
       0
       1
       1
       1
       0
       1
       0
       0
       1
       0
       1
       1
       0
       0
       0
       0
       1
       0
       0
       2
       0
       0
       1
       0
       0
       0
       1
       0
       0
       1
       0
       0
       0
       0
       1
       1
       0
       0
       2
       0
       1
       1
       2
       2
       1
       1
       0
       0
       0
       1
       0
       1
       1
       1
       2
       0
       1
       0
       2
       1
       0
       1
       1
       1
       1
       1
       1
       0
       1
       0
       0
       0
       2
       1
       0
       1
       0
       1
       1
       0
       0
       1
       1
       2
       1
       0
       0
       0
       1
       1
       0
       0
       0
       0
       3
       0
       0
       1
       0
       0
       0
       0
       2
       1
       0
       0
       1
       0
       0
       2
       0
       0
       1
       0
       1
       0
       0
       0
       3
       0
       0
       0
       2
       0
       0
       1
       1
       1
       0
       0
       0
       0
       0
       0
       1
       0
       1
       2
       0
       0
       0
       1
       1
       1
       2
       0
       0
       0
       1
       1
       0
       0
       0
       0
       1
       1
       0
       1
       0
       0
       0
       1
       1
       0
       0
       2
       0
       0
       0
       0
       0
       0
       1
       1
       1
       0
       1
       0
       0
       1
       2
       0
       2
       1
       0
       1
       0
       0
       0
       0
       2
       1
       0
       1
       0
       2
       0
       1
       0
       3
       0
       0
       0
       0
       2
       0
       0
       0
       0
       0
       2
       0
       1
       0
       1
       1
       1
       0
       1
       0
       0
       1
       0
       0
       3
       1
       0
       1
       0
       0
       0
       1
       0
       1
       1
       0
       1
       2
       0
       1
       1
       0
       0
       0
       2
       1
       0
       0
       0
       0
       0
       1
       2
       0
       0
       0
       0
       0
       0
       1
       1
       0
       0
       0
       0
       3
       1
       0
       2
       0
       0
       0
       0
       1
       0
       1
       0
       0
       1
       0
       0
       0
       2
       0
       0
       0
       0
       1
       1
       0
       1
       0
       1
       1
       0
       1
       0
       0
       2
       0
       0
       0
       0
       1
       2
       0
       0
       0
       0
       0
       2
       0
       1
       0
       0
       1
       0
       0
       2
       0
       1
       1
       2
       0
       0
       0
       1
       1
       0
       0
       0
       0
       0
       0
       1
       1
       1
       1
       0
       0
       1
       0
       2
       1
       0
       0
       2
       1
       0
       1
       0
       0
       0
       0
       0
       1
       0
       1
       1
       1
       1
       0
       0
       0
       0
       0
       2
       0
       0
       0
       0
       0
       2
       1
       0
       1
       0
       0
       0
       1
       1
       0
       0
       0
       0
       1
       0
       1
       0
       0
       0
       1
       0
       0
       0
       0
       0
       1
       1
       0
       0
       0
       0
       1
       1
       0
       0
       0
       0
       0
       1
       0
       0
       0
       1
       0
       0
       0
       0
       0
       0
       0
       0
       0
       0
       1
       1
       2
       0
       1
       0
       1
       0
       0
       2
       3
       0
       0
       0
       1
       1
       0
       0
       0
       1
       0
       1
       1
       0
       0
       1
       0
       1
       1
       0
       1
       0
       1
       0
       0
       0
       0
       0
       1
       0
       1
       0
       1
       1
       0
       0
       2
       0
       1
       0
       1
       0
       0
       2
       0
       0
       0
       0
       0
       0
       2
       0
       1
       0
       2
       0
       0
       0
       0
       0
       0
       0
       0
       1
       0
       0
       1
       1
       0
       0
       0
       0
       1
       1
       1
       0
       0
       1
       1
       0
       0
       0
       0
       0
       0
       1
       1
       2
       0
       0
       0
       0
       0
       0
       0
       0
       1
       0
       0
       0
       0
       0
       1
       0
       0
       0
       0
       1
       1
       0
       0
       0
       1
       1
       0
       1
       0
       0
       0
       1
       0
       1
       0
       1
       0
       0
       0
       0
       1
       1
       0
       1
       1
       0
       0
       1
       1
       0
       1
       0
       0
       0
       0
       1
       0
       0
       0
       0
       2
       0
       0
       0
       0
       1
       0
       0
       2
       0
       0
       1
       0
       0
       0
       0
       0
       0
       0
       0
       0
       0
       1
       1
       0
       0
       0
       0
       0
       0
       0
       1
       0
       0
       0
       0
       0
       0
       0
       2
       0
       0
       0
       1
       0
       1
       1
       1
       0
       0
       1
       0
       0
       0
       0
       0
       0
       0
       0
       1
       0
       0
       0
       0
       0
       0
       0
       0
       0
       1
       0
       0
       0
       0
       1
       1
       2
       0
       0
       0
       0
       1
       0
       0
       0
       0
       0
       2
       0
       0
       0
       0
       0
       1
       2
       1
       1
       0
       1
       0
       1
       0
       0
       0
       0
       0
       0
       0
       0
       2
       0
       2
       0
       0
       0
       0
       0
       1
       0
       0
       0
       0
       0
       0
       0
       0
       0
       1
       1
       0
       1
       0
       1
       1
       0
       1
       0
       0
       1
       1
       1
       0
       0
       0
       0
       1
       1
       0
       1
       0
       0
       2
       1
       0
       0
       0
       1
       0
       0
       1
       1
       0
       1
       0
       2
       1
       2
       0
       2
       0
       0
       0
       0
       0
       0
       0
       1
       0
       0
       0
       0
       1
       0
       0
       1
       1
       0
       0
       0
       0
       1
       0
       0
       1
       1
       1
       0
       0
       0
       0
       0
       0
       0
       0
       0
       0
       0
       0
       0
       0
       0
       1
       0
       3
       0
       0
       1
       2
       2
       0
       1
       1
       0
       1
       0
       0
       2
       0
       1
       0
       0
       0
       0
       0
       0
       2
       0
       0
       0
       2
       0
       0
       2
       0
       0
       0
       0
       0
       0
       0
       1
       1
       0
       0
       0
       0
       0
       0
       0
       0
       1
       0
       0
       0
       0
       1
       0
       0
       0
       0
       1
       1
       0
       0
       0
       1
       0
       0
       0
       0
       1
       0
       0
       0
       1
       1
       0
       0
       0
       0
       0
       1
       1
       1
       1
       2
       1
       0
       1
       2
       0
       0
       0
       0
       0
       1
       1
       0
       0
       1
       0
       0
       0
       0
       0
       0
       1
       0
       0
       0
       1
       0
       0
       0
       2
       0
       0
       1
       0
       1
       1
       0
       0
       1
       1
       0
       1
       0
       0
       0
       0
       0
       0
       0
       0
       0
       0
       0
       1
       0
       0
       0
       0
       1
       0
       0
       1
       0
       0
       0
       1
       0
       1
       0
       0
       0
       0
       0
       0
       0
       0
       1
       0
       0
       1
       0
       2
       0
       1
       0
       0
       1
       0
       1
       2
       0
       2
       0
       0
       0
       0
       1
       0
       0
       0
       0
       0
       0
       1
       0
       1
       1
       0
       1
       1
       0
       1
       1
       0
       0
       0
       0
       0
       0
       1
       1
       0
       0
       0
       0
       0
       0
       0
       1
       1
       2
       0
       1
       0
       0
       1
       0
       1
       1
       0
       0
       0
       0
       0
       1
       0
       0
       0
       0
       0
       1
       0
       0
       0
       0
       0
       1
       1
       1
       0
       0
       1
       0
       0
       0
       0
       0
       0
       1
       0
       0
       0
       1
       0
       0
       0
       1
       2
       0
       0
       0
       1
       0
       0
       3
       0
       0
       1
       1
       1
       1
       0
       0
       0
       1
       0
       0
       1
       0
       1
       0
       0
       0
       1
       1
       0
       1
       1
       0
       0
       1
       1
       0
       2
       0
       1
       1
       0
       0
       1
       0
       1
       0
       0
       0
       1
       0
       1
       1
       0
       0
       0
       0
       1
       0
       0
       1
       0
       0
       0
       0
       1
       1
       0
       0
       0
       0
       0
       0
       0
       0
       0
       2
       1
       1
       0
       1
       1
       2
       0
       0
       0
       0
       0
       1
       0
       0
       1
       1
       1
       2
       0
       0
       0
       1
       0
       0
       0
       0
       0
       1
       1
       0
       0
       1
       0
       0
       1
       0
       0
       1
       0
       0
       1
       0
       0
       1
       0
       1
       0
       0
       0
       0
       1
       0
       0
       0
       0
       1
       0
       0
       0
       0
       1
       1
       0
       0
       1
       1
       0
       0
       0
       0
       0
       0
       1
       0
       0
       2
       1
       0
       0
       1
       1
       0
       0
       1
       0
       0
       0
       0
       0
       0
       0
       0
       0
       0
       0
       0
       0
       0
       0
       0
       0
       0
       0
       0
       0
       0
       0
       1
       1
       1
       0
       0
       1
       1
       0
       0
       0
       0
       0
       0
       0
       0
       1
       1
       1
       1
       0
       0
       1
       0
       0
       1
       1
       0
       0
       0
       0
       1
       1
       0
       1
       0
       0
       0
       2
       0
       0
       2
       0
       0
       0
       1
       1
       0
       0
       0
       0
       0
       1
       0
       0
       0
       0
       0
       0
       2
       0
       0
       0
       2
       0
       0
       0
       0
       0
       0
       0
       0
       0
       1
       0
       0
       0
       1
       0
       0
       1
       0
       0
       0
       0
       0
       1
       0
       0
       0
       1
       0
       0
       0
       0
       2
       0
       0
       1
       0
       0
       0
       0
       0
       0
       1
       0
       0
       0
       0
       1
       1
       0
       0
       0
       0
       1
       0
       0
       0
       1
       0
       0
       2
       0
       0
       0
       0
       1
       2
       0
       0
       0
       0
       0
       0
       2
       0
       0
       0
       1
       0
       0
       1
       0
       0
       1
       0
       0
       0
       0
       0
       1
       2
       1
       0
       0
       0
       1
       1
       2
       0
       0
       0
       0
       0
       0
       0
       0
       1
       0
       1
       0
       0
       0
       0
       1
       0
       2
       0
       0
       0
       0
       1
       0
       0
       0
       1
       0
       0
       0
       0
       0
       1
       2
       0
       0
       0
       1
       0
       0
       0
       0
       0
       2
       0
       1
       0
       0
       0
       0
       0
       0
       0
       1
       0
       0
       0
       0
       1
       2
       0
       0
       0
       0
       0
       1
       0
       0
       0
       0
       0
       1
       0
       2
       0
       0
       0
       1
       0
       0
       0
       0
       0
       0
       0
       1
       0
       1
       0
       0
       2
       0
       2
       0
       2
       0
       0
       0
       0
       1
       0
       0
       1
       0
       0
       0
       0
       1
       0
       0
       2
       0
       0
       1
       0
       0
       0
       0
       0
       1
       0
       0
       0
       1
       0
       0
       1
       0
       0
       0
       0
       1
       0
       0
       0
       0
       0
       1
       0
       0
       0
       0
       0
       0
       0
       0
       0
       0
       0
       0
       0
       0
       0
       0
       1
       0
       0
       0
       1
       1
       0
       0
       0
       0
       1
       0
       1
       0
       0
       0
       0
       0
       0
       1
       2
       1
       0
       0
       0
       0
       0
       2
       0
       0
       0
       0
       0
       1
       0
       0
       0
       0
       1
       0
       0
       0
       0
       0
       0
       0
       0
       0
       0
       0
       1
       0
       0
       0
       0
       0
       2
       1
       0
       1
       0
       1
       2
       0
       0
       0
       0
       0
       0
       0
       0
       0
       0
       0
       1
       0
       0
       0
       0
       0
       1
       0
       0
       0
       1
       0
       1
       0
       1
       0
       0
       2
       0
       0
       2
       0
       0
       1
       0
       0
       0
       0
       0
       0
       1
       0
       0
       0
       1
       0
       0
       1
       1
       2
       0
       0
       0
       0
       0
       0
       0
       0
       0
       0
       1
       0
       1
       0
       0
       2
       0
       1
       0
       1
       1
       0
       3
       0
       0
       1
       0
       1
       1
       0
       0
       0
       1
       0
       0
       1
       0
       0
       2
       0
       0
       0
       0
       1
       0
       0
       0
       0
       1
       1
       0
       1
       0
       1
       1
       1
       0
       1
       1
       0
       0
       1
       2
       1
       2
       1
       0
       0
       0
       0
       1
       0
       0
       0
       1
       0
       0
       1
$ROI:
0
$PRESETS:
None
0
0
$ENER_FIT:
0.758590 0.390343
$MCA_CAL:
3
7.585902E-001 3.903432E-001 0.000000E+000 keV
$SHAPE_CAL:
3
0.000000E+000 0.000000E+000 0.000000E+000
