$SPEC_ID:
No sample description was entered.
$SPEC_REM:
DET# 2
DETDESC# DESKTOP-94TLD73 92X
AP# Maestro Version 6.06
$DATE_MEA:
01/05/2023 12:22:07
$MEAS_TIM:
70 73
$DATA:
0 4095
       0
       0
       0
       0
       0
       0
       0
       0
       0
       0
       0
       0
       0
       0
       0
       0
       0
       0
       0
       0
       0
       0
       0
       0
       0
       0
       0
       0
       0
       0
       0
       0
       0
       0
       0
       0
       0
       0
       0
       0
       0
       0
       0
       0
       0
       0
       0
       0
       0
       0
       0
       0
       0
       0
       0
       0
       0
       0
       0
       0
       0
       0
       0
       0
       0
       0
       0
       0
       0
       0
       0
       0
       0
       0
       0
       0
       0
       0
       0
       0
       0
       0
       0
       0
       0
       0
      66
     187
     198
     224
     245
     235
     227
     236
     280
     268
     280
     283
     285
     298
     306
     300
     306
     320
     314
     320
     270
     300
     298
     278
     277
     258
     272
     246
     247
     216
     255
     201
     174
     217
     190
     181
     158
     159
     181
     159
     152
     142
     126
     134
     112
     105
     110
     109
     112
      97
      81
      76
      90
      99
      69
      76
      79
      75
      99
      63
      73
      88
      70
      75
      87
      83
      67
      73
      63
      69
      54
      79
      79
      68
      77
      58
      67
      80
      58
      53
      59
      61
      51
      67
      65
      67
      67
      59
      76
      68
      63
      72
      70
      62
      68
      62
      63
      77
      82
      80
      55
      66
      74
      61
      81
      75
      53
      78
      78
      75
      78
      65
      86
      86
      84
      86
      74
      94
      84
      96
      94
     101
     108
      82
     101
      99
      99
     105
     115
     106
     113
     106
     106
     100
     121
     106
     117
     112
     125
     133
     121
     132
     109
     103
     128
     124
     106
     125
     140
     110
     141
     113
     117
     122
     103
     107
     121
      91
     114
     117
     104
     102
     118
     101
      94
     111
     105
      94
     107
     100
      96
      95
      84
      92
      81
      87
      84
      95
      94
      99
      82
      86
      93
      73
      83
      89
      73
      92
      97
      83
      59
      69
      63
      75
      53
      61
      61
      56
      61
      68
      72
      85
      60
      61
      65
      64
      61
      62
      58
      65
      61
      50
      60
      79
      61
      49
      58
      66
      43
      55
      55
      56
      60
      56
      46
      47
      50
      48
      45
      63
      62
      56
      58
      47
      61
      44
      71
      70
      71
      55
      80
      66
      63
      57
      64
      39
      62
      49
      58
      56
      60
      64
      61
      51
      45
      53
      59
      56
      60
      49
      52
      59
      65
      49
      53
      66
      56
      59
      62
      60
      71
      71
      46
      42
      58
      66
      72
      60
      66
      63
      58
      55
      73
      59
      58
      58
      51
      56
      65
      64
      66
      69
      55
      73
      63
      65
      68
      76
      57
      59
      55
      64
      69
      58
      66
      47
      63
      51
      53
      55
      50
      66
      65
      51
      59
      71
      55
      76
      65
      69
      48
      64
      53
      53
      66
      54
      76
      58
      53
      59
      65
      73
      78
      62
      70
      63
      54
      57
      63
      69
      67
      52
      68
      63
      57
      68
      55
      69
      57
      77
      52
      64
      69
      62
      70
      71
      66
      72
      60
      48
      68
      69
      73
      68
      69
      74
      79
      59
      60
      74
      59
      59
      69
      62
      71
      52
      72
      64
      63
      72
      65
      57
      61
      65
      66
      75
      73
      76
      60
      73
      54
      80
      64
      66
      75
      74
      60
      72
      58
      77
      59
      73
      59
      77
      66
      68
      75
      72
      82
      52
      70
      86
      66
      83
      79
      55
      73
      63
      83
      72
      66
      75
      60
      89
      68
      83
      59
      64
      70
      85
      68
      72
      73
      72
      77
      66
      70
      96
      55
      65
      68
      77
      67
      59
      86
      96
      71
      83
      71
      74
      73
      76
      84
      88
      66
      96
      70
      62
      78
      72
      63
      66
      87
      83
      91
      70
      78
      81
      80
      85
      88
      70
      66
      83
      55
      76
      75
      95
      79
      80
      87
      75
      81
      82
      90
      74
      65
      84
      67
      94
      85
      81
      85
      83
      64
      75
      79
      81
      64
      83
      80
      90
      75
      60
      74
      74
      77
      81
      74
      68
      69
      57
      60
      75
      69
      67
      73
      80
      77
      66
      60
      69
      65
      74
      70
      80
      74
      83
      76
      85
      66
      83
      86
      80
      73
      59
      62
      68
      64
      83
      59
      58
      85
      92
      76
      69
      76
      81
      84
      77
      70
      76
      62
      79
      92
      71
      60
      69
      69
      71
      72
      96
      79
      66
      63
      74
      84
      67
      61
      68
      76
      76
      57
      68
      70
      67
      75
      81
      72
      65
      79
      65
      72
      69
      77
      69
      59
      80
      70
      59
      68
      71
      65
      68
      66
      62
      65
      78
      75
      65
      72
      77
      72
      66
      80
      67
      85
      69
      62
      72
      60
      73
      74
      60
      81
      81
      66
      75
      55
      66
      66
      72
      61
      62
      67
      62
      76
      67
      65
      81
      61
      70
      55
      68
      68
      70
      81
      70
      67
      70
      88
      79
      73
      71
      70
      72
      72
      52
      62
      78
      57
      74
      67
      66
      68
      84
      59
      86
      81
      78
      81
      64
      74
      66
      66
      77
      53
      66
      59
      68
      68
      77
      64
      72
      68
      65
      70
      73
      44
      67
      73
      72
      79
      67
      60
      62
      63
      69
      74
      69
      71
      81
      70
      77
      67
      64
      75
      79
      75
      71
      66
      73
      62
      62
      64
      57
      57
      54
      67
      81
      64
      63
      55
      88
      70
      80
      67
      76
      67
      62
      72
      74
      62
      69
      72
      75
      67
      72
      73
      60
      75
      60
      63
      71
      68
      84
      63
      64
      85
      63
      75
      55
      59
      74
      65
      60
      72
      73
      73
      67
      53
      64
      70
      66
      71
      78
      61
      69
      82
      62
      82
      65
      65
      61
      59
      81
      71
      71
      65
      83
      64
      54
      50
      64
      54
      80
      61
      81
      81
      72
      83
      69
      79
      50
      73
      65
      84
      54
      82
      68
      69
      54
      61
      77
      71
      79
      73
      66
      68
      78
      69
      59
      71
      54
      88
      72
      69
      70
      59
      76
      73
      57
      72
      64
      53
      56
      75
      62
      59
      61
      77
      66
      69
      72
      69
      50
      67
      57
      69
      61
      60
      76
      74
      83
      58
      54
      64
      79
      58
      66
      61
      63
      57
      57
      66
      73
      63
      50
      56
      65
      59
      67
      74
      82
      53
      62
      73
      81
      73
      72
      80
      78
      64
      55
      65
      59
      69
      66
      54
      58
      81
      63
      68
      63
      62
      58
      55
      65
      66
      58
      64
      68
      55
      78
      64
      69
      56
      60
      60
      57
      65
      68
      57
      66
      57
      56
      64
      52
      62
      59
      60
      69
      51
      70
      73
      56
      55
      70
      53
      57
      70
      50
      64
      71
      59
      52
      57
      70
      75
      80
      63
      61
      62
      63
      61
      51
      65
      58
      73
      61
      51
      69
      59
      68
      62
      56
      58
      59
      67
      48
      63
      60
      69
      63
      62
      59
      72
      72
      61
      62
      64
      72
      57
      57
      59
      44
      69
      74
      58
      66
      52
      64
      61
      54
      66
      56
      52
      54
      62
      66
      67
      56
      63
      68
      52
      56
      48
      63
      60
      50
      56
      58
      64
      64
      54
      56
      49
      66
      69
      48
      50
      70
      54
      45
      57
      54
      58
      59
      43
      58
      56
      58
      66
      62
      57
      55
      50
      58
      60
      51
      65
      53
      41
      60
      65
      58
      60
      44
      64
      51
      64
      56
      66
      69
      58
      48
      53
      66
      64
      54
      43
      59
      55
      57
      60
      55
      56
      63
      57
      51
      62
      74
      61
      60
      64
      59
      54
      50
      54
      59
      43
      59
      61
      47
      53
      52
      59
      50
      41
      54
      46
      50
      58
      53
      47
      58
      52
      59
      58
      52
      54
      39
      58
      56
      59
      47
      45
      40
      43
      50
      52
      62
      50
      49
      38
      55
      48
      46
      46
      52
      53
      58
      56
      54
      52
      42
      58
      58
      31
      46
      42
      44
      44
      47
      40
      48
      41
      55
      52
      52
      40
      40
      43
      46
      44
      37
      41
      39
      34
      45
      39
      37
      43
      45
      46
      46
      44
      48
      44
      53
      35
      42
      47
      31
      45
      53
      44
      43
      33
      49
      39
      36
      31
      53
      45
      45
      35
      40
      46
      38
      28
      45
      34
      33
      42
      36
      42
      34
      37
      44
      34
      45
      48
      40
      40
      42
      39
      29
      40
      28
      43
      39
      31
      33
      31
      31
      32
      33
      36
      23
      36
      25
      33
      24
      37
      36
      26
      27
      29
      24
      26
      22
      32
      27
      25
      33
      16
      18
      28
      25
      32
      25
      23
      25
      25
      17
      24
      25
      28
      15
      14
      20
      16
      26
      23
      22
      27
      24
      19
      20
      17
      13
      25
      26
      17
      15
      18
      19
      23
      17
      16
      24
      23
      18
      20
      26
      21
      20
      13
      18
      24
      21
      25
      21
      18
      14
      16
      22
      15
      14
      22
      19
      12
      18
      11
      10
      16
      17
      10
      11
      12
      17
      14
      11
      17
      20
      16
      12
      11
      21
      15
      15
      17
      11
      16
      15
      18
      16
      19
      15
      16
      13
      16
      17
      10
      12
      13
      11
      14
      14
      16
      12
      18
       8
      11
      10
      11
       9
      16
      11
      12
      10
       7
       9
      12
       6
       9
       6
       9
       8
      11
       7
       9
      14
      17
      10
       7
       8
      10
      11
      11
       7
       6
       3
      12
       6
       4
       6
      12
      13
      12
       6
       6
      12
       8
       5
       4
       6
       4
       9
       7
       9
       7
       7
       7
       8
      10
       4
       7
      13
       6
       8
       7
       8
       7
      11
       5
       8
       8
       4
       6
       6
       7
       3
       6
       9
       7
       6
       7
       8
       5
      10
       5
       9
       3
       9
      10
       8
       7
       9
       7
       8
       3
      10
      14
       9
       5
       4
       4
       7
       7
      16
      10
      12
       6
       9
       1
       7
       4
       7
      10
       9
      10
       5
       9
      11
       3
       7
      12
       7
       7
       5
       0
       7
       4
       7
       3
       9
       2
       6
       7
      12
      14
       3
      11
      12
      11
       6
       6
       4
       5
       6
       6
       5
       7
       8
      14
       7
       6
      11
      11
       8
      12
      16
      13
       9
      14
       7
      10
       8
      15
       6
      11
       5
       7
       7
      13
      15
       4
       8
      11
      15
       9
       7
      10
       9
      12
       4
      11
       7
       9
      13
      11
      14
       7
      13
       7
       9
      18
      18
      20
      12
      12
      17
       9
      12
      14
      18
      26
      10
      22
       5
      30
      14
      16
      17
      15
      15
      13
      22
      16
      13
      19
      22
      25
      21
      29
      19
      16
      22
      13
      27
      33
      26
      22
      22
      18
      17
      26
      21
      26
      26
      40
      30
      28
      27
      27
      24
      33
      32
      26
      35
      36
      33
      43
      40
      32
      29
      32
      24
      40
      45
      41
      49
      42
      47
      50
      47
      41
      53
      35
      45
      44
      63
      48
      59
      50
      54
      45
      43
      50
      50
      54
      57
      60
      64
      57
      71
      80
      74
      58
      82
      66
      59
      74
      79
      69
      65
      89
      92
      81
      75
      72
      84
      83
      89
      96
      96
      83
      88
     101
     108
      84
      88
     111
      94
     100
      97
     106
      97
      94
     106
     116
     108
      87
     110
      93
     112
     124
     126
     126
     129
     130
     124
     115
     118
     112
     139
     122
     130
     128
     124
     132
     141
     134
     138
     132
     132
     116
     148
     153
     131
     136
     134
     146
     132
     141
     159
     141
     135
     160
     172
     155
     136
     147
     127
     149
     171
     138
     137
     158
     130
     149
     157
     162
     171
     158
     152
     177
     163
     170
     142
     182
     193
     182
     142
     147
     148
     172
     155
     182
     173
     146
     179
     152
     176
     174
     160
     145
     145
     171
     175
     150
     152
     154
     156
     149
     168
     171
     156
     154
     167
     155
     140
     165
     168
     149
     155
     123
     142
     147
     125
     134
     136
     149
     144
     139
     146
     127
     148
     121
     120
     141
     123
     144
     132
     135
     126
     132
     126
     133
     143
     133
      99
     132
     118
     138
     145
     126
     127
     111
     116
     123
     110
     106
     107
      92
     127
     104
      92
      96
      92
     102
     105
      93
     101
      92
     104
      89
      90
     106
      84
      97
      87
      89
      77
      86
      90
      82
      71
      97
      86
      95
      68
      70
      73
      83
      78
      67
      65
      67
      62
      67
      63
      68
      65
      66
      71
      60
      52
      50
      48
      53
      56
      45
      33
      57
      46
      57
      50
      36
      39
      37
      45
      42
      40
      36
      35
      31
      25
      33
      33
      31
      27
      34
      27
      24
      29
      27
      36
      28
      20
      28
      22
      33
      22
      28
      24
      18
      17
      17
      25
      17
      21
      11
      20
      16
      11
      13
      14
      20
      12
      13
      12
      13
      12
      12
      11
       9
       9
       7
      11
      11
       9
      13
      13
       5
       5
      12
      12
       9
       8
       5
       8
       7
       8
       8
       5
       7
       4
       3
       5
       5
       5
       5
       5
       1
       6
       4
       4
       8
       3
       3
       3
       2
       4
       3
       2
       5
       2
       3
       3
       4
       7
       4
       4
       5
       3
       1
       1
       5
       4
       4
       0
       3
       2
       1
       2
       0
       1
       1
       3
       2
       3
       2
       3
       0
       3
       1
       2
       1
       0
       1
       2
       2
       2
       1
       1
       1
       1
       2
       1
       1
       2
       1
       1
       3
       2
       0
       0
       0
       2
       1
       1
       0
       1
       1
       1
       1
       0
       0
       0
       0
       0
       0
       0
       0
       2
       0
       1
       0
       2
       2
       1
       1
       1
       1
       0
       1
       0
       0
       1
       1
       0
       0
       0
       0
       0
       1
       2
       0
       0
       0
       0
       2
       0
       0
       2
       0
       0
       1
       0
       0
       0
       0
       0
       0
       1
       2
       2
       1
       0
       2
       1
       0
       1
       0
       1
       0
       1
       0
       1
       1
       2
       1
       0
       0
       1
       0
       1
       0
       0
       1
       0
       1
       1
       0
       0
       0
       2
       1
       1
       1
       0
       0
       0
       1
       1
       0
       0
       1
       1
       0
       1
       0
       0
       0
       0
       1
       2
       0
       0
       1
       0
       0
       0
       1
       1
       2
       0
       0
       3
       1
       0
       0
       0
       0
       0
       0
       0
       1
       0
       1
       0
       0
       1
       0
       1
       1
       0
       0
       0
       0
       0
       1
       1
       0
       1
       0
       0
       0
       1
       0
       0
       0
       0
       1
       0
       0
       2
       0
       0
       0
       2
       0
       2
       0
       0
       1
       0
       0
       0
       1
       0
       0
       2
       0
       0
       1
       1
       0
       0
       0
       1
       1
       1
       1
       4
       1
       1
       0
       0
       1
       0
       2
       2
       0
       0
       0
       1
       1
       1
       0
       1
       0
       0
       1
       1
       1
       0
       1
       0
       0
       0
       1
       0
       1
       1
       1
       1
       1
       0
       0
       1
       0
       0
       0
       0
       0
       0
       1
       0
       1
       1
       1
       1
       0
       0
       0
       0
       0
       0
       2
       1
       1
       1
       1
       1
       1
       0
       1
       0
       0
       0
       0
       0
       0
       0
       0
       0
       0
       1
       0
       0
       1
       0
       1
       0
       0
       1
       1
       1
       0
       1
       0
       0
       0
       0
       2
       0
       1
       0
       0
       0
       0
       0
       0
       1
       0
       2
       0
       1
       0
       0
       0
       2
       1
       0
       0
       0
       0
       1
       0
       0
       0
       1
       0
       0
       0
       0
       0
       0
       0
       0
       1
       1
       0
       0
       1
       0
       0
       1
       0
       0
       0
       1
       0
       0
       1
       0
       2
       0
       1
       0
       0
       0
       1
       1
       1
       0
       2
       0
       0
       1
       0
       0
       0
       0
       1
       0
       1
       1
       0
       0
       0
       0
       0
       0
       0
       0
       0
       3
       0
       1
       3
       1
       1
       0
       0
       2
       0
       1
       2
       0
       0
       1
       0
       0
       0
       0
       0
       0
       2
       2
       1
       0
       1
       0
       0
       1
       2
       0
       0
       0
       0
       0
       0
       0
       0
       0
       1
       0
       0
       0
       0
       1
       1
       0
       0
       2
       1
       0
       1
       0
       0
       1
       0
       1
       0
       1
       0
       1
       2
       0
       0
       0
       2
       2
       0
       2
       1
       0
       0
       0
       0
       0
       0
       1
       0
       0
       0
       1
       0
       0
       0
       1
       0
       0
       0
       2
       2
       1
       0
       0
       0
       0
       0
       0
       2
       0
       2
       0
       0
       0
       0
       0
       1
       0
       0
       0
       1
       1
       0
       1
       1
       1
       0
       0
       0
       0
       1
       0
       1
       0
       1
       1
       0
       0
       0
       1
       0
       0
       0
       1
       1
       0
       0
       1
       1
       0
       0
       0
       1
       0
       0
       0
       1
       0
       0
       0
       0
       0
       1
       0
       2
       0
       0
       0
       1
       0
       0
       0
       1
       0
       0
       0
       0
       1
       0
       1
       0
       0
       0
       0
       0
       0
       0
       1
       0
       3
       0
       1
       0
       3
       0
       0
       0
       0
       1
       0
       1
       0
       0
       0
       0
       0
       0
       1
       2
       1
       1
       0
       1
       0
       0
       0
       0
       0
       0
       0
       0
       0
       1
       0
       0
       0
       0
       0
       1
       0
       0
       0
       0
       0
       0
       3
       0
       0
       0
       0
       1
       0
       0
       0
       0
       0
       0
       0
       1
       0
       1
       0
       0
       2
       0
       0
       0
       0
       0
       0
       0
       0
       0
       0
       0
       1
       1
       1
       0
       0
       0
       0
       1
       1
       0
       0
       0
       1
       0
       0
       0
       0
       1
       1
       1
       0
       2
       0
       0
       0
       1
       1
       0
       1
       0
       0
       0
       1
       0
       0
       1
       0
       0
       0
       1
       1
       1
       0
       0
       1
       0
       0
       0
       0
       1
       2
       1
       1
       0
       1
       0
       0
       0
       0
       2
       0
       0
       0
       2
       0
       0
       0
       0
       1
       0
       1
       0
       0
       1
       1
       0
       0
       1
       1
       0
       0
       0
       0
       0
       1
       0
       2
       0
       0
       0
       0
       1
       0
       0
       1
       1
       2
       1
       1
       0
       0
       1
       1
       0
       1
       1
       0
       0
       0
       0
       0
       0
       1
       0
       0
       0
       0
       1
       0
       0
       0
       0
       0
       0
       0
       0
       0
       0
       0
       0
       0
       0
       1
       1
       0
       0
       0
       0
       0
       0
       0
       0
       0
       0
       0
       0
       0
       1
       0
       1
       0
       0
       0
       0
       0
       0
       0
       0
       0
       0
       0
       0
       0
       0
       0
       0
       1
       1
       0
       0
       0
       0
       0
       0
       0
       1
       0
       0
       0
       0
       0
       0
       0
       0
       0
       0
       0
       1
       0
       1
       2
       1
       0
       0
       0
       0
       1
       0
       1
       0
       0
       0
       0
       1
       0
       0
       0
       0
       0
       0
       0
       0
       0
       0
       0
       0
       0
       0
       0
       0
       0
       1
       0
       0
       0
       0
       0
       0
       0
       0
       1
       0
       0
       1
       0
       1
       0
       0
       0
       0
       1
       0
       0
       0
       0
       0
       1
       1
       1
       2
       1
       0
       0
       0
       1
       0
       0
       0
       1
       0
       1
       1
       0
       0
       0
       0
       0
       0
       0
       0
       1
       0
       0
       0
       0
       0
       0
       0
       0
       0
       0
       0
       0
       1
       0
       0
       0
       0
       1
       0
       0
       0
       0
       1
       0
       1
       0
       0
       0
       0
       0
       0
       0
       1
       0
       0
       0
       0
       0
       0
       0
       0
       0
       0
       1
       0
       0
       0
       1
       0
       0
       0
       0
       0
       1
       1
       0
       0
       0
       0
       0
       0
       1
       0
       0
       0
       0
       0
       0
       0
       0
       0
       0
       0
       0
       0
       0
       0
       0
       0
       0
       0
       0
       0
       0
       0
       0
       0
       0
       0
       0
       0
       1
       0
       0
       0
       0
       0
       1
       0
       0
       0
       0
       0
       0
       0
       1
       1
       0
       0
       0
       0
       0
       0
       2
       0
       0
       0
       0
       0
       0
       0
       0
       0
       1
       0
       0
       0
       1
       1
       0
       0
       0
       0
       0
       0
       0
       0
       0
       0
       0
       0
       0
       0
       0
       0
       0
       2
       0
       0
       0
       0
       0
       0
       0
       1
       0
       0
       0
       0
       0
       0
       0
       0
       0
       0
       0
       0
       0
       0
       0
       0
       0
       0
       0
       0
       0
       0
       0
       0
       1
       0
       0
       0
       0
       0
       0
       1
       0
       0
       1
       0
       0
       0
       0
       0
       0
       0
       0
       0
       0
       0
       0
       0
       0
       0
       0
       0
       0
       0
       0
       0
       0
       0
       0
       0
       0
       0
       0
       0
       0
       0
       0
       0
       0
       0
       0
       0
       0
       0
       0
       0
       0
       0
       0
       0
       0
       0
       0
       0
       0
       0
       0
       1
       0
       0
       0
       0
       1
       0
       0
       0
       0
       0
       1
       0
       0
       0
       0
       0
       1
       0
       0
       1
       0
       0
       0
       0
       0
       0
       0
       1
       0
       1
       0
       0
       0
       0
       0
       0
       0
       0
       0
       1
       0
       0
       0
       0
       0
       0
       1
       0
       0
       0
       0
       0
       1
       0
       0
       0
       0
       0
       0
       1
       0
       0
       1
       0
       0
       0
       0
       0
       0
       0
       0
       0
       0
       0
       0
       0
       0
       0
       0
       0
       0
       0
       0
       0
       1
       0
       0
       0
       0
       0
       0
       0
       0
       0
       0
       0
       1
       0
       0
       0
       0
       0
       0
       0
       0
       1
       0
       0
       1
       0
       0
       1
       0
       0
       2
       0
       0
       0
       0
       0
       0
       0
       0
       0
       0
       0
       0
       0
       0
       0
       0
       0
       0
       0
       0
       0
       0
       0
       0
       0
       0
       0
       0
       0
       0
       0
       0
       0
       0
       0
       0
       0
       1
       0
       0
       0
       0
       0
       0
       0
       0
       0
       0
       0
       0
       0
       0
       0
       0
       0
       0
       0
       0
       0
       0
       0
       0
       0
       0
       0
       0
       0
       0
       0
       0
       0
       0
       0
       0
       0
       0
       0
       0
       0
       0
       0
       0
       0
       0
       1
       0
       0
       0
       0
       0
       0
       0
       0
       0
       0
       0
       0
       0
       0
       0
       0
       0
       0
       0
       0
       0
       0
       0
       1
       0
       0
       0
       0
       0
       0
       0
       0
       0
       0
       0
       0
       0
       0
       0
       0
       1
       0
       0
       0
       0
       0
       0
       0
       0
       0
       0
       1
       0
       0
       0
       0
       0
       0
       1
       0
       1
       0
       0
       0
       0
       0
       0
       0
       0
       2
       0
       0
       0
       0
       0
       0
       0
       0
       0
       0
       2
       0
       0
       0
       0
       0
       1
       0
       0
       0
       0
       0
       0
       0
       0
       1
       0
       0
       0
       0
       0
       0
       0
       0
       0
       0
       0
       1
       1
       0
       0
       0
       1
       0
       0
       0
       0
       1
       0
       0
       0
       0
       0
       0
       0
       0
       0
       0
       0
       0
       0
       0
       0
       0
       0
       0
       0
       0
       0
       1
       0
       0
       0
       1
       1
       0
       0
       0
       0
       1
       0
       0
       0
       0
       0
       0
       1
       0
       1
       0
       0
       0
       0
       0
       0
       0
       1
       0
       0
       0
       0
       0
       0
       0
       0
       0
       0
       1
       0
       0
       1
       0
       0
       0
       0
       0
       0
       1
       0
       0
       0
       0
       0
       0
       0
       0
       0
       0
       0
       0
       0
       0
       0
       0
       0
       0
       0
       0
       0
       1
       0
       0
       1
       0
       0
       0
       0
       0
       0
       0
       0
       0
       0
       0
       0
       0
       0
       0
       0
       0
       0
       0
       0
       0
       0
       0
       0
       0
       0
       0
       0
       0
       0
       1
       0
       0
       0
       0
       0
       0
       0
       0
       0
       0
       0
       0
       0
       0
       0
       0
       0
       0
       0
       0
       0
       0
       0
       0
       0
       0
       0
       0
       0
       0
       0
       0
       0
       0
       0
       0
       0
       0
       0
       0
       0
       0
       0
       0
       0
       0
       0
       0
       0
       0
       0
       0
       0
       0
       0
       0
       0
       0
       0
       0
       0
       0
       0
       0
       0
       0
       0
       0
       0
       0
       0
       0
       0
       0
       0
       0
       0
       0
       0
       0
       0
       0
       0
       0
       0
       0
       1
       0
       0
       0
       0
       0
       0
       0
       0
       0
       0
       0
       0
       0
       0
       0
       0
       0
       0
       0
       0
       0
       0
       0
       0
       0
       0
       0
       0
       0
       0
       0
       0
       0
       0
       0
       0
       0
       0
       0
       0
       0
       0
       0
       0
       0
       1
       0
       0
       0
       0
       0
       0
       0
       0
       0
       0
       0
       0
       0
       0
       0
       0
       0
       0
       0
       0
       0
       0
       0
       1
       0
       0
       0
       0
       0
       0
       0
       0
       0
       0
       0
       0
       0
       0
       0
       1
       1
       0
       0
       0
       0
       0
       0
       0
       0
       0
       0
       0
       0
       0
       0
       0
       0
       0
       0
       0
       0
       0
       0
       0
       0
       0
       0
       0
       0
       0
       0
       0
       0
       0
       0
       0
       0
       0
       0
       0
       0
       0
       0
       0
       0
       0
       0
       0
       0
       0
       0
       0
       0
       0
       0
       0
       0
       0
       0
       0
       0
       0
       0
       0
       0
       0
       0
       0
       0
       0
       0
       0
       0
       0
       0
       0
       0
       0
       0
       0
       0
       0
       0
       0
       0
       0
       0
       0
       0
       0
       0
       0
       0
       0
       0
       0
       0
       0
       0
       0
       0
       0
       0
       0
       0
       0
       0
       0
       0
       0
       0
       0
       0
       0
       0
       0
       1
       0
       0
       0
       0
       0
       0
       0
       0
       0
       0
       0
       0
       0
       0
       0
       0
       0
       0
       0
       0
       0
       0
       0
       0
       0
       0
       0
       0
       0
       0
       0
       0
       0
       0
       0
       0
       0
       0
       0
       0
       0
       0
       0
       0
       1
       0
       0
       0
       0
       0
       0
       0
       0
       0
       0
       0
       0
       0
       0
       0
       0
       0
       0
       0
       0
       0
       0
       0
       0
       0
       0
       0
       0
       0
       0
       0
       0
       0
       0
       0
       0
       0
       0
       0
       0
       0
       0
       0
       0
       0
       0
       0
       0
       0
       0
       0
       0
       0
       0
       1
       0
       0
       0
       0
       0
       0
       0
       0
       0
       0
       0
       0
       0
       0
       0
       0
       0
       0
       0
       0
       0
       0
       0
       0
       0
       0
       0
       0
       0
       0
       0
       0
       0
       0
       0
       0
       0
       0
       0
       0
       0
       0
       0
       0
       0
       0
       0
       0
       0
       0
       0
       0
       0
       0
       0
       0
       0
       0
       0
       0
       0
       0
       0
       0
       0
       0
       0
       0
       0
       0
       0
       0
       0
       0
       0
       0
       0
       0
       0
       0
       0
       0
       0
       0
       1
       0
       0
       0
       0
       0
       0
       0
       0
       0
       0
       0
       0
       0
       1
       0
       0
       0
       0
       0
       0
       0
       0
       0
       0
       0
       1
       0
       0
       0
       0
       0
       0
$ROI:
0
$PRESETS:
None
0
0
$ENER_FIT:
0.758590 0.390343
$MCA_CAL:
3
7.585902E-001 3.903432E-001 0.000000E+000 keV
$SHAPE_CAL:
3
0.000000E+000 0.000000E+000 0.000000E+000
