$SPEC_ID:
No sample description was entered.
$SPEC_REM:
DET# 2
DETDESC# DESKTOP-94TLD73 92X
AP# Maestro Version 6.06
$DATE_MEA:
01/05/2023 11:17:04
$MEAS_TIM:
114 117
$DATA:
0 4095
       0
       0
       0
       0
       0
       0
       0
       0
       0
       0
       0
       0
       0
       0
       0
       0
       0
       0
       0
       0
       0
       0
       0
       0
       0
       0
       0
       0
       0
       0
       0
       0
       0
       0
       0
       0
       0
       0
       0
       0
       0
       0
       0
       0
       0
       0
       0
       0
       0
       0
       0
       0
       0
       0
       0
       0
       0
       0
       0
       0
       0
       0
       0
       0
       0
       0
       0
       0
       0
       0
       0
       0
       0
       0
       0
       0
       0
       0
       0
       0
       0
       0
       0
       0
       0
       0
      19
      48
      74
      90
     111
     113
      84
      98
      85
      94
      79
     102
      92
      93
     105
      84
      95
      87
      92
      75
      96
     100
     115
      82
      84
      84
      94
      87
      73
      93
      68
      87
      76
      81
      92
      85
      80
      72
      65
      88
      78
      85
      88
      81
      88
      79
      75
      76
      82
      94
      92
      72
      90
      87
      83
      73
      90
      77
      74
      91
      84
      83
      86
      77
      84
      70
      80
      77
      79
      74
      69
      77
      74
      78
      78
      86
      76
      84
      82
      79
      72
      80
      71
      80
      96
      66
      71
      73
      66
      78
      86
      70
      71
      82
      74
      87
      91
      71
      92
     103
      76
      81
      77
      83
      81
      77
      93
      80
      96
      82
      86
      90
      79
      88
      85
      86
     102
      87
      70
      69
      78
      83
      68
      88
      79
      64
      74
      71
      82
      87
      71
      88
      92
      82
      98
      67
      92
      89
      95
      66
      68
      78
      85
      81
      67
      84
     108
      91
      66
      71
      78
      91
      76
      71
      79
      98
      64
      82
      95
      74
      80
      79
      80
      79
      85
      90
      80
      79
      93
      75
      75
      83
      75
      82
      61
      80
      74
      83
      82
      76
      87
      84
      83
      90
      66
      64
      92
      93
      84
      68
      87
      76
      90
      89
      71
      75
      77
      73
      73
      72
      73
      80
      76
      85
      68
      65
      97
      78
      93
      84
      67
      85
      86
      72
      85
      94
      79
      60
      87
      68
      84
     102
      89
      89
      79
      68
      85
      78
      78
      92
      84
      91
      55
      83
      81
      87
      76
      83
      75
      74
      68
      76
      76
      78
      86
      80
      75
      82
      89
      68
      67
      80
      70
      68
      82
      72
      80
      77
      66
      70
      70
      69
      74
      65
      72
      55
      77
      75
      76
      74
      84
      74
      69
      77
      77
      68
      79
      82
      67
      66
      80
      76
      63
      72
      87
      61
      67
      78
      69
      65
      65
      64
      87
      74
      82
      62
      74
      71
      71
      74
      69
      64
      52
      86
      66
      56
      78
      67
      58
      58
      54
      57
      68
      65
      61
      71
      72
      83
      65
      64
      57
      63
      87
      84
      71
      62
      72
      67
      59
      62
      81
      61
      73
      63
      61
      45
      62
      57
      69
      70
      62
      59
      61
      72
      73
      62
      76
      83
      62
      54
      73
      64
      60
      69
      76
      67
      71
      68
      60
      75
      58
      56
      69
      45
      66
      67
      60
      49
      78
      73
      59
      55
      59
      61
      80
      66
      57
      71
      84
      80
      60
      70
      66
      69
      59
      73
      62
      82
      79
      71
      71
      76
      77
      75
      65
      76
      74
      69
      86
      65
      67
      72
      77
      77
      63
      78
      70
      78
      61
      68
      65
      66
      60
      62
      66
      64
      54
      57
      60
      53
      75
      65
      59
      55
      50
      52
      56
      55
      69
      48
      63
      72
      59
      63
      64
      51
      64
      64
      68
      54
      61
      60
      44
      48
      61
      52
      49
      58
      58
      59
      73
      63
      70
      52
      64
      47
      45
      49
      57
      56
      40
      61
      48
      64
      42
      55
      51
      50
      61
      54
      61
      57
      48
      35
      59
      52
      50
      52
      48
      59
      47
      41
      66
      53
      48
      59
      47
      46
      49
      58
      38
      33
      49
      49
      49
      55
      54
      56
      55
      43
      45
      58
      53
      55
      41
      51
      59
      68
      44
      64
      53
      45
      41
      48
      52
      43
      54
      44
      51
      46
      40
      39
      47
      36
      50
      50
      48
      44
      42
      52
      46
      39
      48
      46
      61
      44
      62
      42
      45
      44
      45
      46
      39
      51
      41
      39
      44
      50
      46
      53
      54
      55
      53
      40
      46
      54
      41
      54
      47
      43
      41
      38
      36
      43
      45
      47
      39
      51
      42
      49
      46
      46
      48
      51
      44
      37
      45
      56
      45
      48
      41
      39
      45
      47
      40
      36
      52
      39
      59
      61
      45
      46
      54
      34
      41
      40
      41
      40
      41
      46
      41
      39
      43
      34
      32
      46
      35
      34
      47
      44
      52
      49
      45
      44
      38
      48
      34
      36
      41
      46
      44
      34
      52
      41
      51
      28
      42
      44
      44
      51
      31
      44
      59
      34
      37
      35
      45
      39
      38
      32
      43
      46
      39
      46
      40
      39
      38
      35
      42
      29
      42
      49
      37
      37
      37
      55
      41
      48
      26
      50
      48
      43
      46
      42
      52
      39
      48
      41
      42
      35
      42
      36
      35
      32
      37
      39
      43
      43
      38
      38
      43
      35
      34
      37
      41
      36
      24
      48
      41
      33
      28
      42
      35
      32
      30
      40
      35
      40
      42
      37
      32
      32
      38
      40
      41
      30
      36
      49
      41
      34
      56
      38
      31
      36
      49
      55
      32
      43
      32
      40
      45
      44
      54
      38
      44
      32
      53
      41
      30
      35
      39
      26
      34
      40
      40
      45
      43
      37
      36
      33
      51
      27
      33
      45
      31
      41
      36
      37
      36
      37
      54
      40
      45
      34
      34
      37
      36
      36
      42
      38
      26
      50
      34
      34
      38
      39
      28
      36
      34
      37
      33
      41
      27
      52
      39
      40
      38
      26
      51
      40
      49
      40
      30
      38
      47
      36
      36
      38
      38
      36
      45
      25
      35
      29
      38
      29
      35
      39
      30
      46
      41
      45
      34
      46
      35
      32
      36
      34
      41
      42
      28
      35
      38
      36
      33
      31
      37
      31
      38
      44
      32
      35
      37
      28
      37
      37
      34
      38
      30
      46
      37
      35
      37
      45
      39
      41
      33
      25
      33
      39
      29
      29
      43
      37
      34
      28
      42
      35
      37
      27
      45
      41
      39
      39
      47
      32
      38
      42
      45
      30
      31
      38
      39
      45
      42
      41
      32
      33
      37
      38
      35
      43
      38
      50
      34
      49
      50
      41
      28
      44
      36
      45
      46
      33
      44
      39
      44
      31
      35
      31
      42
      35
      26
      33
      49
      36
      60
      29
      31
      39
      33
      26
      33
      26
      41
      48
      40
      49
      47
      32
      33
      30
      47
      39
      53
      38
      35
      34
      39
      39
      41
      35
      29
      39
      48
      42
      36
      34
      43
      35
      33
      42
      44
      38
      38
      44
      44
      37
      26
      51
      43
      45
      34
      45
      38
      33
      39
      40
      47
      44
      54
      38
      41
      49
      45
      43
      37
      47
      43
      50
      40
      48
      42
      42
      41
      44
      37
      46
      37
      43
      31
      43
      46
      37
      37
      36
      42
      40
      49
      33
      31
      52
      44
      32
      40
      40
      43
      51
      43
      38
      42
      41
      33
      30
      41
      37
      40
      44
      43
      41
      31
      38
      41
      28
      40
      42
      36
      30
      56
      47
      44
      51
      32
      46
      45
      46
      39
      42
      40
      39
      45
      51
      40
      44
      45
      40
      41
      50
      43
      44
      61
      49
      44
      38
      42
      39
      47
      45
      52
      40
      41
      42
      37
      37
      47
      39
      40
      40
      42
      37
      40
      40
      37
      42
      47
      46
      53
      32
      44
      37
      35
      48
      45
      49
      46
      45
      50
      28
      55
      40
      41
      37
      39
      47
      46
      44
      39
      46
      46
      45
      37
      51
      54
      44
      44
      40
      45
      44
      51
      38
      41
      43
      39
      46
      41
      53
      47
      37
      44
      43
      54
      54
      59
      35
      48
      48
      37
      54
      45
      40
      48
      38
      42
      44
      43
      51
      47
      36
      42
      28
      45
      35
      35
      49
      37
      39
      31
      41
      32
      35
      31
      38
      37
      29
      44
      38
      32
      36
      29
      24
      29
      40
      32
      37
      32
      19
      20
      25
      31
      28
      23
      24
      16
      26
      21
      24
      12
      30
      29
      24
      25
      25
      25
      27
      18
      22
      22
      30
      23
      22
      15
      12
      23
      22
      24
      19
      25
      26
      13
      14
      17
      17
      16
      23
      24
      22
      18
      20
      18
      12
      22
      12
      13
      15
      20
      15
      16
      21
      16
      16
      16
      20
      17
      12
      14
      16
      20
      12
      16
      20
      16
      12
      15
      22
      14
      14
      21
      21
      16
      18
      24
      25
      20
      21
      29
      20
      17
      17
       9
      14
      12
      10
      15
      13
      20
      15
      18
      12
       9
      18
      15
      21
      18
      12
      10
      27
      16
      10
      16
      11
      17
       7
      12
      19
      20
      12
      17
      15
      15
       8
      14
       8
       7
      19
      18
      16
      12
      16
      13
      11
      13
      16
      10
       5
      12
       9
      10
      12
      10
      12
      12
      14
       8
       8
      10
      13
       6
       7
      10
      15
       8
      13
       8
       9
       9
      14
       9
      14
      15
      12
      10
      14
       6
       5
      12
      11
      11
      10
      11
      10
      12
      10
       9
      11
       9
      12
      11
       8
       8
       7
      11
      10
       8
      12
       9
      12
       4
       8
       7
      10
       9
      14
       9
       8
      12
       9
       3
       3
       6
      13
       5
      12
       6
      14
       8
       8
       6
      11
       7
      13
      10
      14
       8
       4
       5
       6
      17
       4
       8
       7
       8
       8
       8
       6
       6
       6
       7
       8
       6
       7
      11
       7
       8
       6
       9
       8
       9
       8
       7
      10
      12
      10
       8
       6
       7
       6
       4
       5
      11
       4
       5
       7
       6
      13
       7
       8
       7
       2
       8
      11
       6
       3
       3
       6
      10
       6
       9
      11
       4
       9
       8
       9
       8
      11
      10
       6
       8
       7
       5
       6
       2
      10
       7
       7
       6
       4
       7
       2
       7
       7
       3
       5
       5
       7
       3
       4
      10
       4
       7
       5
       3
       7
      10
       5
       4
       8
       5
       7
       6
      10
       7
       9
       6
       5
       4
       7
       8
       7
       2
       8
      11
       8
       5
       6
       7
       9
       8
       8
      10
       7
       7
      10
      12
      13
       5
      10
       7
       6
       6
      12
       9
       3
       8
       3
       4
       9
       5
       7
       5
      10
       3
       6
       2
       9
       6
       3
       7
      10
       7
       7
       6
       3
       9
      11
       9
       9
       8
       4
       5
       5
       6
       4
       6
       3
       8
       6
       8
       8
       5
      11
       5
       8
      11
       5
       4
       6
       7
       5
       4
       6
      10
       7
       5
       3
       9
       8
       7
       4
       6
       6
       6
       5
       9
       5
       3
       6
       5
       3
       9
       2
      12
       4
       6
       6
       6
      13
       2
       6
       5
       7
       3
       6
       8
       5
       6
       9
      10
       7
       6
       5
       9
       9
       8
       8
       4
       7
       5
       7
       9
      14
      12
       7
       7
      13
      12
      12
      11
       6
      12
       8
      12
      14
       7
      10
      15
      15
      27
      16
      31
      35
      45
      60
      90
     147
     268
     394
     616
     788
     847
     817
     599
     365
     144
      77
      26
       8
       7
       5
       3
       3
       2
       2
       0
       1
       0
       1
       2
       3
       3
       0
       1
       1
       2
       4
       0
       1
       1
       0
       3
       0
       2
       0
       1
       3
       1
       0
       2
       4
       3
       0
       2
       3
       1
       1
       1
       2
       0
       0
       2
       2
       2
       4
       3
       0
       0
       1
       1
       0
       0
       2
       3
       3
       2
       2
       2
       0
       3
       2
       1
       1
       1
       2
       0
       0
       1
       0
       1
       1
       1
       1
       1
       2
       1
       1
       2
       2
       0
       1
       2
       1
       3
       0
       3
       3
       1
       0
       3
       1
       1
       1
       0
       2
       1
       0
       4
       3
       2
       2
       3
       2
       0
       1
       0
       2
       1
       2
       0
       3
       1
       0
       0
       0
       3
       1
       3
       2
       1
       0
       2
       4
       0
       1
       1
       2
       1
       3
       2
       4
       4
       1
       4
       4
       3
       1
       2
       2
       1
       0
       3
       0
       2
       2
       2
       1
       1
       1
       1
       1
       0
       2
       1
       0
       1
       2
       2
       1
       0
       3
       2
       1
       0
       0
       0
       0
       0
       0
       0
       1
       3
       0
       3
       0
       1
       2
       0
       1
       1
       1
       0
       1
       1
       0
       1
       3
       0
       1
       2
       0
       3
       1
       4
       0
       0
       1
       1
       2
       1
       2
       4
       2
       0
       2
       3
       0
       2
       0
       2
       1
       0
       3
       1
       1
       2
       0
       2
       2
       1
       0
       0
       1
       2
       3
       0
       1
       1
       2
       2
       1
       3
       0
       0
       1
       0
       0
       1
       1
       0
       4
       3
       1
       1
       1
       0
       0
       2
       2
       1
       2
       1
       1
       2
       2
       3
       0
       2
       0
       1
       1
       2
       0
       1
       2
       1
       2
       2
       2
       2
       2
       1
       1
       1
       0
       0
       2
       2
       2
       0
       2
       1
       0
       0
       2
       2
       0
       1
       0
       2
       1
       3
       0
       0
       1
       3
       1
       0
       1
       1
       0
       0
       0
       1
       0
       3
       2
       1
       1
       1
       3
       2
       1
       0
       2
       2
       0
       0
       4
       1
       1
       1
       1
       0
       1
       0
       0
       1
       1
       3
       3
       3
       1
       0
       1
       3
       2
       1
       0
       2
       2
       1
       1
       0
       1
       5
       1
       0
       1
       0
       2
       1
       1
       2
       2
       0
       2
       2
       1
       0
       2
       1
       0
       0
       1
       2
       1
       2
       0
       1
       1
       1
       1
       1
       2
       3
       2
       0
       0
       1
       0
       2
       1
       1
       0
       0
       1
       1
       3
       3
       0
       1
       1
       1
       1
       0
       1
       1
       1
       0
       0
       1
       0
       1
       0
       3
       2
       2
       0
       0
       2
       2
       2
       0
       1
       2
       2
       0
       2
       1
       3
       2
       0
       0
       0
       3
       0
       1
       1
       1
       0
       3
       2
       0
       2
       0
       0
       0
       0
       1
       1
       2
       2
       2
       0
       1
       1
       0
       2
       3
       0
       1
       1
       1
       1
       1
       1
       2
       1
       1
       1
       2
       0
       0
       1
       2
       1
       0
       1
       2
       1
       0
       0
       0
       3
       0
       3
       2
       0
       1
       1
       0
       0
       0
       1
       3
       1
       2
       0
       0
       0
       0
       1
       1
       0
       0
       1
       0
       0
       0
       0
       2
       0
       1
       1
       3
       1
       0
       0
       3
       2
       2
       3
       0
       0
       1
       1
       0
       1
       0
       0
       0
       0
       0
       1
       0
       0
       1
       2
       1
       3
       1
       1
       1
       2
       0
       1
       1
       1
       1
       1
       1
       2
       1
       1
       0
       1
       2
       1
       0
       2
       1
       0
       2
       0
       1
       0
       0
       1
       2
       0
       0
       1
       3
       2
       0
       0
       1
       3
       1
       2
       0
       1
       0
       1
       1
       0
       0
       1
       3
       1
       2
       2
       0
       0
       1
       0
       0
       0
       3
       1
       1
       0
       0
       0
       1
       0
       2
       1
       0
       2
       0
       0
       2
       1
       1
       0
       1
       1
       0
       0
       2
       1
       0
       1
       0
       5
       0
       1
       3
       1
       3
       1
       2
       1
       2
       0
       4
       2
       0
       2
       2
       0
       0
       2
       2
       0
       1
       1
       1
       0
       1
       1
       3
       0
       2
       1
       2
       0
       1
       0
       0
       0
       2
       1
       0
       0
       2
       1
       1
       1
       1
       4
       0
       1
       0
       0
       3
       0
       1
       4
       0
       1
       1
       2
       0
       2
       1
       1
       0
       0
       1
       2
       1
       1
       1
       0
       0
       0
       1
       1
       2
       2
       1
       3
       3
       0
       3
       1
       1
       0
       3
       2
       2
       3
       2
       0
       0
       1
       0
       0
       0
       1
       0
       1
       0
       0
       1
       1
       0
       0
       1
       0
       0
       1
       0
       0
       1
       2
       0
       5
       0
       1
       2
       2
       1
       3
       0
       1
       2
       1
       1
       0
       1
       0
       1
       0
       0
       0
       3
       1
       3
       0
       1
       1
       1
       0
       1
       2
       0
       0
       1
       0
       1
       1
       1
       2
       1
       1
       3
       0
       0
       1
       0
       2
       0
       0
       3
       0
       0
       0
       4
       0
       1
       2
       1
       0
       1
       2
       0
       2
       0
       1
       1
       0
       1
       1
       2
       0
       3
       0
       0
       0
       1
       1
       0
       0
       0
       1
       0
       0
       1
       5
       0
       1
       2
       1
       1
       0
       1
       2
       0
       3
       0
       0
       0
       1
       1
       0
       1
       0
       1
       0
       3
       0
       0
       3
       0
       3
       1
       3
       1
       1
       1
       0
       0
       0
       1
       1
       1
       1
       1
       0
       0
       2
       2
       1
       1
       0
       0
       1
       1
       0
       3
       3
       0
       0
       0
       1
       0
       1
       1
       1
       0
       0
       1
       0
       1
       1
       0
       0
       0
       1
       1
       1
       0
       0
       1
       0
       1
       0
       0
       0
       0
       1
       1
       2
       0
       2
       0
       0
       0
       2
       0
       1
       0
       0
       2
       1
       2
       2
       0
       0
       3
       1
       1
       0
       3
       0
       2
       1
       1
       1
       0
       0
       1
       0
       0
       0
       1
       0
       0
       0
       1
       0
       0
       1
       0
       0
       1
       1
       0
       1
       1
       0
       0
       0
       1
       1
       1
       0
       0
       0
       2
       1
       4
       0
       0
       0
       0
       0
       1
       1
       1
       2
       0
       0
       1
       1
       1
       1
       0
       2
       2
       1
       1
       2
       1
       0
       2
       0
       0
       0
       1
       0
       3
       0
       1
       2
       1
       0
       1
       0
       1
       0
       2
       0
       0
       0
       0
       0
       0
       0
       0
       2
       0
       1
       1
       2
       0
       2
       0
       0
       1
       0
       0
       1
       1
       0
       0
       2
       0
       1
       2
       1
       1
       2
       0
       1
       3
       0
       1
       1
       1
       0
       1
       1
       2
       1
       1
       2
       1
       0
       0
       0
       0
       1
       1
       0
       0
       1
       2
       0
       1
       1
       1
       0
       1
       0
       1
       1
       0
       0
       0
       0
       1
       0
       1
       1
       1
       0
       1
       1
       2
       0
       2
       1
       2
       0
       0
       0
       0
       0
       2
       1
       0
       0
       3
       2
       1
       1
       0
       2
       2
       1
       4
       1
       0
       0
       0
       0
       0
       1
       2
       4
       0
       0
       1
       0
       1
       0
       2
       1
       1
       0
       1
       0
       1
       1
       0
       0
       1
       2
       0
       1
       1
       0
       0
       1
       2
       1
       1
       2
       1
       1
       1
       2
       1
       0
       3
       2
       1
       3
       0
       0
       1
       2
       1
       1
       4
       2
       0
       1
       1
       2
       0
       0
       1
       0
       1
       2
       2
       0
       1
       1
       1
       1
       0
       1
       1
       0
       2
       0
       4
       1
       1
       0
       0
       0
       0
       0
       1
       0
       0
       0
       2
       1
       2
       0
       1
       2
       0
       1
       1
       0
       1
       1
       1
       0
       2
       1
       0
       1
       2
       0
       1
       1
       1
       0
       1
       3
       1
       2
       1
       1
       0
       1
       0
       0
       0
       3
       0
       1
       1
       0
       0
       0
       0
       0
       2
       0
       1
       0
       1
       0
       0
       2
       0
       1
       0
       0
       1
       0
       0
       0
       1
       0
       2
       0
       0
       0
       0
       0
       3
       0
       2
       2
       1
       0
       1
       0
       1
       1
       2
       0
       1
       1
       1
       0
       1
       1
       1
       2
       1
       1
       0
       0
       1
       0
       0
       1
       0
       1
       0
       1
       0
       2
       0
       0
       0
       0
       1
       1
       1
       2
       1
       0
       1
       2
       3
       1
       1
       0
       1
       1
       0
       1
       0
       0
       0
       1
       1
       0
       1
       1
       1
       2
       4
       2
       1
       0
       1
       3
       0
       1
       1
       1
       0
       2
       0
       0
       0
       0
       1
       1
       2
       0
       1
       1
       0
       0
       0
       0
       2
       1
       0
       0
       0
       0
       2
       1
       0
       3
       0
       0
       0
       0
       2
       0
       0
       1
       2
       1
       0
       0
       0
       2
       1
       0
       0
       0
       1
       1
       0
       1
       0
       1
       2
       0
       1
       2
       1
       1
       1
       1
       0
       3
       0
       0
       0
       2
       1
       1
       0
       1
       3
       0
       0
       0
       0
       2
       0
       2
       2
       0
       0
       2
       1
       0
       0
       1
       0
       1
       2
       1
       3
       0
       1
       1
       1
       1
       0
       3
       1
       1
       0
       1
       1
       0
       0
       2
       2
       0
       0
       1
       1
       2
       1
       0
       0
       0
       1
       1
       1
       0
       0
       0
       1
       1
       1
       0
       0
       1
       0
       1
       0
       0
       0
       0
       2
       0
       2
       0
       1
       0
       0
       1
       0
       1
       1
       0
       0
       2
       0
       2
       1
       2
       0
       1
       0
       1
       1
       0
       0
       1
       0
       1
       0
       1
       2
       1
       0
       1
       2
       1
       1
       0
       0
       1
       0
       0
       2
       0
       0
       0
       0
       1
       0
       1
       1
       0
       0
       0
       1
       0
       0
       0
       0
       1
       0
       2
       0
       0
       1
       1
       1
       0
       2
       1
       0
       0
       0
       2
       2
       0
       0
       0
       0
       1
       0
       0
       0
       1
       1
       0
       0
       1
       1
       1
       0
       0
       0
       0
       1
       1
       0
       0
       1
       0
       1
       0
       1
       1
       1
       1
       1
       0
       1
       0
       1
       1
       0
       0
       0
       1
       0
       0
       1
       0
       1
       0
       0
       1
       0
       1
       2
       0
       2
       0
       0
       1
       0
       0
       0
       2
       0
       0
       1
       2
       0
       0
       0
       1
       0
       0
       0
       0
       1
       1
       1
       2
       1
       1
       0
       1
       2
       0
       0
       0
       2
       0
       0
       0
       2
       2
       2
       0
       0
       0
       0
       1
       1
       0
       1
       4
       1
       1
       0
       0
       0
       0
       0
       0
       0
       0
       1
       1
       1
       0
       0
       0
       1
       1
       1
       0
       1
       0
       0
       1
       1
       3
       0
       1
       2
       0
       0
       1
       0
       0
       0
       0
       1
       0
       1
       0
       0
       2
       0
       2
       0
       0
       1
       0
       0
       0
       2
       0
       1
       1
       0
       1
       1
       0
       1
       1
       0
       0
       2
       0
       1
       0
       2
       0
       1
       0
       1
       0
       0
       2
       1
       0
       0
       0
       2
       2
       1
       4
       0
       2
       0
       1
       1
       2
       0
       1
       1
       2
       0
       0
       0
       0
       0
       0
       0
       1
       0
       2
       1
       0
       0
       2
       0
       1
       0
       0
       2
       0
       0
       0
       1
       1
       1
       0
       1
       0
       0
       0
       0
       2
       0
       1
       1
       2
       0
       0
       0
       0
       0
       1
       0
       0
       0
       3
       1
       0
       2
       0
       0
       0
       0
       0
       2
       0
       0
       0
       1
       0
       0
       0
       1
       0
       0
       0
       1
       1
       2
       1
       1
       1
       0
       1
       0
       1
       0
       0
       0
       0
       0
       0
       0
       0
       0
       0
       0
       0
       0
       2
       0
       0
       0
       1
       0
       1
       1
       0
       1
       0
       0
       0
       0
       0
       1
       0
       1
       0
       0
       1
       0
       0
       0
       0
       0
       0
       0
       0
       0
       0
       0
       2
       0
       0
       0
       2
       0
       1
       0
       0
       0
       1
       0
       0
       0
       0
       2
       0
       0
       0
       2
       0
       2
       0
       0
       1
       2
       1
       1
       0
       0
       1
       0
       2
       1
       2
       1
       1
       1
       1
       0
       1
       0
       0
       0
       1
       1
       0
       2
       1
       2
       0
       1
       0
       3
       0
       0
       0
       2
       0
       0
       0
       0
       1
       0
       0
       0
       1
       0
       0
       0
       0
       2
       0
       0
       1
       0
       1
       1
       1
       0
       1
       0
       1
       0
       1
       1
       1
       0
       0
       0
       0
       0
       3
       0
       0
       0
       1
       2
       0
       0
       1
       0
       1
       2
       0
       0
       1
       1
       1
       2
       0
       0
       0
       0
       1
       1
       0
       0
       0
       0
       0
       1
       0
       1
       0
       1
       0
       2
       0
       0
       0
       0
       0
       1
       2
       0
       1
       1
       0
       1
       1
       1
       0
       0
       0
       1
       0
       0
       0
       0
       0
       0
       0
       0
       0
       0
       0
       0
       0
       1
       0
       1
       1
       1
       0
       0
       0
       1
       2
       0
       0
       0
       2
       0
       1
       0
       0
       0
       1
       1
       0
       0
       0
       0
       3
       0
       0
       2
       0
       0
       2
       1
       2
       1
       1
       2
       1
       1
       4
       1
       0
       2
       0
       0
       1
       0
       0
       0
       1
       0
       0
       0
       1
       1
       0
       1
       0
       0
       0
       0
       1
       0
       0
       0
       0
       0
       1
       1
       0
       1
       0
       0
       1
       1
       0
       0
       0
       0
       0
       0
       0
       1
       1
       0
       1
       1
       0
       0
       0
       0
       1
       0
       1
       3
       1
       0
       0
       1
       0
       0
       1
       1
       1
       0
       0
       0
       0
       0
       0
       1
       0
       0
       2
       0
       1
       0
       1
       0
       0
       2
       1
       2
       0
       1
       2
       0
       0
       0
       0
       0
       1
       0
       1
       0
       0
       0
       1
       0
       2
       0
       1
       1
       0
       0
       1
       3
       1
       0
       0
       0
       1
       0
       1
       0
       2
       0
       2
       0
       0
       0
       0
       0
       0
       0
       1
       0
       0
       1
       1
       0
       0
       1
       1
       0
       0
       0
       0
       0
       0
       1
       1
       0
       1
       0
       1
       0
       0
       5
       0
       0
       0
       2
       0
       0
       1
       0
       0
       1
       1
       1
       1
       1
       0
       0
       2
       0
       0
       0
       0
       0
       3
       0
       0
       0
       0
       0
       2
       1
       0
       0
       0
       0
       0
       0
       1
       0
       0
       0
       0
       2
       0
       0
       0
       1
       1
       2
       0
       1
       0
       0
       0
       1
       1
       0
       0
       0
       0
       0
       0
       1
       0
       1
       1
       1
       0
       0
       1
       0
       0
       1
       0
       0
       0
       0
       0
       0
       0
       0
       0
       0
       0
       0
       0
       1
       0
       0
       1
       2
       0
       0
       0
       0
       0
       0
       2
       0
       2
       0
       0
       0
       1
       1
       0
       0
       0
       0
       0
       1
       0
       1
       2
       0
       0
       0
       2
       0
       1
       0
       1
       3
       0
       0
       0
       0
       0
       0
       0
       0
       1
       1
       1
       1
       1
       0
       1
       1
       0
       0
       1
       0
       1
       0
       2
       2
       4
       2
       0
       1
       0
       3
       3
       4
       2
       2
       3
       0
       1
       0
       3
       0
       2
       0
       2
       1
       2
       1
       1
       3
       1
       2
       3
       1
       3
       0
       3
       1
       1
       0
       1
       1
       1
       1
       1
       2
       0
       0
       3
       0
       0
       2
       1
       1
       0
       1
       0
$ROI:
0
$PRESETS:
None
0
0
$ENER_FIT:
0.000000 0.000000
$MCA_CAL:
3
0.000000E+000 0.000000E+000 0.000000E+000 
$SHAPE_CAL:
3
0.000000E+000 0.000000E+000 0.000000E+000
