$SPEC_ID:
No sample description was entered.
$SPEC_REM:
DET# 2
DETDESC# DESKTOP-94TLD73 92X
AP# Maestro Version 6.06
$DATE_MEA:
01/05/2023 11:34:46
$MEAS_TIM:
200 202
$DATA:
0 4095
       0
       0
       0
       0
       0
       0
       0
       0
       0
       0
       0
       0
       0
       0
       0
       0
       0
       0
       0
       0
       0
       0
       0
       0
       0
       0
       0
       0
       0
       0
       0
       0
       0
       0
       0
       0
       0
       0
       0
       0
       0
       0
       0
       0
       0
       0
       0
       0
       0
       0
       0
       0
       0
       0
       0
       0
       0
       0
       0
       0
       0
       0
       0
       0
       0
       0
       0
       0
       0
       0
       0
       0
       0
       0
       0
       0
       0
       0
       0
       0
       0
       0
       0
       0
       0
       0
      25
      60
     123
     149
     142
     131
     148
     136
     144
     117
     127
     131
     133
     133
     135
     127
     119
     121
     140
     128
     114
     115
     106
     117
     125
     131
     128
     119
     115
     114
     112
     112
     138
     121
     126
     110
     118
     128
     111
      95
     112
     112
     130
     122
     110
     114
     120
     131
      88
     121
     126
     116
     112
     101
     122
     103
     103
     126
     106
     100
     103
     123
     121
     113
     114
     129
     116
      92
     116
     121
     119
     136
     111
     117
     100
     104
     119
     112
     106
     107
     133
     111
     122
     115
     118
     118
     116
     112
     120
      98
     107
     121
     126
     115
     106
     126
     111
     117
     101
     113
     131
      98
     143
     116
     132
     117
     137
     137
     124
     132
     112
     131
     107
     123
     110
     139
     131
     121
     124
     114
     122
     109
     133
     135
     114
     126
     128
     137
     137
     136
     140
     124
     121
     123
     123
     140
     141
     124
     135
     140
     155
     134
     118
     139
     131
     118
     127
     131
     109
     135
     124
     124
     134
     127
     141
     121
     137
     133
     147
     128
     137
     124
     123
     140
     126
     120
     113
     126
     132
     132
     103
     112
     119
     135
     129
     124
     123
     110
     138
     137
     145
     120
     129
     138
     135
     130
     131
     118
     131
     139
     159
     139
     136
     128
     129
     146
     124
     118
     126
     130
     133
     124
     157
     138
     111
     137
     128
     118
     130
     123
     113
     121
     141
     129
     134
     114
     115
     121
     129
     123
     121
     121
     134
     137
     132
     146
     146
     142
     110
     125
     145
     110
     137
     119
     126
     138
     112
     123
     119
      94
     121
     129
     112
     112
     143
     125
     104
     116
     128
     132
     111
      87
     115
     128
     119
     102
     124
     100
     105
     109
     127
     102
     127
     109
     106
     126
     114
      97
      86
     128
     100
     117
     106
     114
      88
     121
     107
     106
     114
     100
      96
      97
     104
     120
     113
      99
      74
      94
     111
     120
     104
      98
     105
     107
      99
     100
     116
     114
      87
      89
      85
      94
      96
     106
      99
      94
      92
     100
      93
      90
      89
      88
      86
      90
      84
      96
     105
      76
     105
      87
     101
      84
      70
      79
     102
      94
      89
      91
      97
     108
      99
     106
      89
     100
      77
      98
      81
      96
     107
      88
      85
      93
      74
      94
     101
      89
      97
      84
     104
      87
      95
      93
      81
     110
      97
      77
      77
     101
      74
      78
      84
      88
      72
      80
     110
      86
      70
      75
      75
      60
      74
      81
      60
      66
      73
      70
      85
      81
      92
      96
      72
      76
      69
      79
      77
      65
      73
      68
      76
      69
      90
      92
      92
      65
      78
      75
      71
      60
      78
      91
      76
      75
      78
      68
      77
      76
      48
      79
      78
      81
      73
      64
      70
      73
      64
      70
      74
      81
      61
      66
      63
      80
      78
      73
      58
      85
      66
      82
      67
      70
      71
      64
      55
      55
      70
      59
      68
      70
      72
      74
      60
      69
      61
      62
      74
      67
      71
      73
      58
      62
      74
      62
      65
      74
      62
      64
      68
      66
      52
      61
      61
      66
      56
      58
      50
      67
      78
      70
      68
      64
      66
      70
      68
      78
      79
      69
      71
      75
      52
      47
      64
      66
      70
      66
      69
      70
      48
      48
      66
      62
      52
      53
      63
      60
      58
      52
      53
      52
      58
      68
      57
      53
      50
      66
      62
      80
      53
      56
      55
      55
      55
      52
      41
      57
      55
      65
      52
      67
      53
      56
      58
      50
      50
      50
      65
      65
      72
      45
      70
      54
      55
      64
      43
      57
      52
      50
      54
      55
      46
      42
      47
      49
      54
      46
      54
      68
      58
      52
      45
      57
      49
      53
      48
      42
      42
      49
      51
      32
      47
      40
      67
      53
      52
      47
      47
      49
      52
      52
      40
      63
      60
      35
      50
      50
      61
      47
      49
      41
      53
      49
      45
      54
      55
      47
      44
      44
      50
      53
      49
      41
      50
      55
      41
      41
      50
      43
      40
      56
      48
      38
      47
      57
      44
      52
      53
      42
      55
      45
      50
      30
      60
      46
      53
      56
      56
      41
      41
      34
      42
      55
      45
      43
      47
      44
      49
      58
      52
      50
      47
      40
      48
      44
      41
      45
      44
      30
      50
      34
      36
      55
      44
      43
      43
      43
      40
      56
      46
      42
      37
      36
      35
      41
      44
      35
      36
      42
      45
      43
      31
      54
      48
      42
      31
      50
      42
      53
      39
      39
      56
      47
      40
      48
      36
      46
      46
      44
      33
      38
      34
      30
      32
      25
      38
      36
      36
      41
      39
      55
      59
      41
      43
      38
      46
      39
      47
      40
      39
      40
      40
      47
      49
      55
      48
      42
      32
      44
      34
      52
      44
      43
      51
      37
      39
      49
      45
      35
      37
      44
      38
      48
      33
      40
      38
      45
      46
      49
      33
      38
      35
      46
      56
      34
      44
      43
      32
      35
      48
      43
      42
      48
      44
      25
      48
      36
      43
      44
      37
      46
      46
      41
      46
      41
      45
      37
      29
      39
      52
      55
      38
      37
      37
      50
      34
      42
      34
      44
      44
      37
      52
      48
      39
      46
      47
      40
      42
      38
      24
      34
      35
      41
      40
      35
      39
      30
      40
      32
      35
      25
      38
      39
      35
      40
      26
      37
      25
      42
      36
      36
      40
      17
      37
      29
      24
      27
      27
      22
      34
      22
      28
      24
      25
      22
      34
      30
      25
      32
      35
      24
      31
      27
      32
      16
      24
      18
      24
      22
      25
      25
      31
      19
      21
      18
      22
      30
      23
      38
      26
      16
      17
      31
      19
      23
      21
      20
      28
      21
      24
      29
      18
      17
      21
      27
      28
      21
      16
      19
      24
      21
      18
      21
      25
      20
      18
      21
      24
      19
      21
      12
      27
      15
      23
      27
      19
      17
      23
      24
      22
      24
      20
      20
      14
      19
      21
      20
      19
      19
      16
      16
      22
      15
      21
      18
      15
      13
      15
      26
      19
      15
      24
      19
      17
      22
      15
      10
      16
      14
      15
      16
      21
      28
      18
      16
      14
      14
      17
       9
      13
      23
      17
      20
       9
      21
      13
      21
      11
      18
      23
      12
      23
      21
      11
      19
      10
      15
      20
      11
      17
      18
      22
      13
      14
       5
      19
      18
      15
      14
      25
      17
      14
      12
      16
      13
      21
       9
      16
      14
      19
      18
      24
      17
      17
      15
      22
      20
      14
      14
      16
      21
       7
      14
      16
      11
      16
      20
      12
      14
      12
      24
      18
      14
      11
      12
      15
      15
      19
      15
      14
      18
      17
      14
      11
      11
       7
       8
      21
      11
      12
      14
      12
      27
      15
       9
      16
      11
      13
      14
      21
      17
      13
      12
      19
      10
      14
      10
      17
      20
      13
      21
      18
      21
      15
      11
      15
      15
      12
      10
      11
      19
      15
       9
      15
      18
       9
       8
      15
      15
      17
      10
       8
      12
      15
      17
      19
      12
      14
      16
      15
      11
      11
      15
      15
      12
      13
      19
       8
      14
       6
       9
      20
       8
      14
      16
      13
      15
      20
      14
      16
      17
      12
      10
       8
      12
      13
      11
      19
       7
      13
      12
      12
      20
      12
      11
      19
      11
      16
      16
       9
      10
      11
      10
      10
      16
      11
      14
      16
      13
      14
      15
      20
      17
      18
       7
      11
      10
       7
      12
      10
       7
      14
      24
      13
      11
      24
      13
      19
       9
      15
      16
      13
      19
      15
      13
      19
      12
       8
      16
      13
      21
      19
      13
      11
      20
      11
      14
      11
       8
      10
      11
      14
      16
      14
      16
      12
      17
      13
      15
      12
      10
      14
       9
       9
      10
       9
      12
      10
      10
       7
      15
      13
      10
      11
      14
      12
      11
      15
      15
      11
      12
      13
      17
      12
      12
       7
      10
      13
       8
       7
      10
      12
       9
      12
      14
      11
      16
       9
      15
      11
      11
      15
      11
      14
      14
      14
      14
      18
      13
      11
      10
      10
      11
      20
       9
       6
      16
      15
      15
      18
      18
      32
      23
      28
      37
      31
      57
      76
      92
     128
     145
     220
     255
     302
     348
     332
     351
     333
     248
     225
     140
     110
      93
      53
      40
      29
      22
      27
      17
      14
      14
      11
      12
       9
      15
       5
       4
       9
       4
      10
       8
       5
       9
      13
      11
       6
       6
       7
       5
       9
       9
      13
      12
      14
       4
      12
       4
       9
       9
       6
       7
       5
       2
       9
      11
      11
      12
       8
      11
       6
       5
       7
       9
      11
       5
      13
      13
       7
       4
      11
       6
       7
       9
       6
       6
      10
       5
       8
       7
       6
       7
       9
       9
      12
      10
       6
       7
       7
       4
      10
      11
       5
       8
       9
      10
      11
       7
      12
       7
       5
       6
      15
      12
      10
       3
       9
       5
       8
       9
      13
       7
       3
       8
       7
       9
      11
       8
       9
       8
      13
       9
       5
      11
       7
       9
       2
       7
       7
       8
       6
       7
      10
       9
       5
       7
       8
       8
      11
       7
       8
      10
       5
       4
       5
      11
       6
       6
      10
       8
      11
      11
       6
      11
      11
       5
       2
       8
      10
       6
       4
      11
       6
       9
       9
       9
       4
      10
       9
       4
       5
      10
       4
       6
       4
       7
      16
       9
       4
      12
       8
       5
       9
       9
       5
      10
       5
       5
       4
       8
       5
       8
       5
       7
      13
      13
       5
       7
       5
       9
      15
       8
       3
       7
       5
       5
      13
      11
       9
       8
       7
       8
       3
      11
       5
      12
       6
       8
       9
       6
       7
       8
      11
      13
       9
      11
       7
       7
       6
      10
      15
       2
       7
       7
       7
       7
      10
       4
      11
       8
       6
       9
       5
       6
      12
       3
       9
      10
       9
      11
       7
       3
       4
      10
       6
       5
       6
       9
       8
       8
       5
      10
       5
       9
       7
       3
       4
       4
       5
       5
       7
       5
       6
       7
       8
       5
       9
       8
      12
       9
       8
       5
      12
       6
       2
       6
       8
       9
       7
       5
      10
      11
       4
       7
       4
       6
       8
       8
       5
       5
       6
       6
       8
       8
       8
       6
       6
       3
       1
       7
       7
       6
      10
      11
       8
       2
      11
      13
      10
       5
       6
       6
       4
       4
       6
       5
       9
       7
       7
       6
      12
       4
       8
       6
       8
      10
       5
       6
       8
       8
       6
       4
       9
       9
       8
       8
      12
       6
       9
       4
       7
       9
       8
      11
       6
       8
       3
       8
       9
       4
       9
       3
       7
       8
       3
       6
       7
       4
       8
      12
      13
       8
       8
      10
       9
       4
       6
       9
       3
       9
       7
       8
       3
      10
       3
       0
       3
      10
       5
       9
       6
       8
       5
      11
       8
       8
       4
      12
       7
       8
       4
       6
       5
      10
       6
       6
       6
       8
       7
       3
       9
      10
      12
       8
       7
       7
       8
       9
       9
       9
       3
       4
       5
       5
       9
       9
      11
      16
       3
      12
       9
       4
       7
      10
      12
       3
      11
       8
       6
       8
       6
       7
       7
       7
      10
      10
       6
      15
       2
       7
      11
       9
       8
       9
       3
       9
      10
      10
       3
       4
       8
      10
       9
       4
      10
       8
       5
       6
      12
      10
       2
       8
       5
       5
       3
      12
      16
      11
       6
      11
       9
       6
       3
       9
       8
       7
      10
       5
       8
       3
       5
       8
      10
       5
       6
       8
       4
       3
       9
       7
       8
       6
      13
       5
      16
       9
       9
       8
       7
      10
       8
       8
       3
      10
      13
       8
       9
      13
       6
       8
      15
      10
       5
       6
       4
       3
      10
       6
       7
       5
       7
       6
       3
       6
       8
       5
       7
       8
      10
       8
       6
       4
       7
       8
       6
      13
       8
       6
      11
      10
       7
      13
       7
       8
       2
       5
      13
       2
       6
       9
      14
      11
      12
      12
       6
       6
       9
       5
       8
       5
      16
      14
       9
       9
       8
       2
       1
       5
       9
       4
       6
       9
       9
       7
       7
      10
       7
       7
       2
       7
       9
       3
       3
       5
      10
       5
       6
       9
       7
       7
       7
       7
       3
       8
       5
       7
       6
       7
       8
       2
       6
       9
       3
       9
       5
       7
       7
      12
      11
      10
       7
      14
       6
       8
       6
       7
       4
       8
       8
       9
       7
       6
       7
      10
       8
       4
      10
      11
       7
      10
      17
       8
       6
      11
      13
      11
       6
       9
       9
       5
      11
       8
       9
       6
      12
       6
       3
       7
       8
      10
      10
       6
      10
       7
       8
       9
       3
       8
      12
       5
       7
       7
      13
       4
       6
       9
       9
       4
       9
       8
       6
       8
       8
      12
       6
      12
       8
       8
       8
       8
       5
      10
      13
       5
       9
       9
       6
      12
      11
       6
      12
      10
       7
      11
       8
       7
       5
      11
       8
       9
      10
       6
       8
       7
      11
       8
      12
      10
       8
       5
      10
       6
      10
       5
       9
      10
       6
       8
       9
       6
       8
      15
       8
       8
       6
       9
      10
      12
       7
       4
       5
      15
       8
       8
      10
      10
       9
       6
      11
       5
       4
       8
      10
      15
      10
       9
       6
       3
      12
       6
      11
       9
       8
      10
       7
       9
      10
       5
       3
       9
      10
      12
       3
       8
       9
       7
       9
      14
       9
       7
       8
       7
      10
      14
       7
       6
      13
      16
       6
       6
       7
       6
       9
       7
       6
      17
      12
      12
      11
      10
       3
      10
       7
      10
       7
       7
       7
       4
      13
       8
      10
       9
       9
       6
       9
       5
      12
       3
      14
      13
      12
       9
       9
       4
      13
       7
      15
       9
       7
      10
      12
       9
      13
       8
      12
       9
       9
      10
       8
      10
       8
       3
       7
       6
       5
       7
       5
       6
      14
       4
       9
       3
       3
       5
       6
       9
       0
       3
       4
       9
       8
       8
       8
       3
       5
       5
       6
       4
       8
       9
       3
       3
       4
       7
       4
       6
       3
       5
       3
      10
       4
       7
       6
       1
       5
       4
       5
       5
       8
       7
       5
      11
       4
       3
       6
       2
       3
       6
       3
       5
       3
       0
      10
       5
       2
       5
       4
       5
       5
       5
       6
       4
       7
       5
       6
       6
       5
       4
       3
       4
       4
       4
       2
       5
       6
       8
       2
       4
       4
       5
       7
       3
       7
       4
       5
       2
       6
       4
       4
       2
       8
       2
       5
       2
       2
       4
       0
       3
       7
       4
       4
       5
       3
       2
       2
       3
       8
       8
       4
       4
       4
       6
       4
       2
       5
       4
       1
       4
       4
       2
       2
       7
       7
       5
       7
       3
       3
       5
       5
       3
       3
       3
       3
       3
       7
       3
       6
       4
       5
       2
       8
       6
       3
       6
       3
       2
       3
       2
       4
       4
       2
       3
       3
       2
       5
       7
       8
       4
       4
       3
       2
       4
       6
       4
       4
       7
       4
       3
       3
       4
       3
       2
       1
       4
       4
       3
       1
       4
       2
       3
       6
       4
       2
       6
       3
       3
       4
       5
       1
       3
       4
       4
       3
       2
       6
       3
       3
       6
       2
       3
       6
       3
       4
       2
       2
       4
       0
       1
       5
       3
       4
       1
       3
       3
       4
       5
       2
       0
       3
       4
       5
       2
       2
       3
       3
       2
       4
       4
       2
       1
       2
       1
       3
       2
       0
       2
       2
       2
       3
       3
       4
       2
       3
       1
       3
       3
       3
       4
       2
       3
       3
       0
       1
       3
       4
       4
       2
       3
       4
       2
       4
       3
       4
       3
       5
       0
       2
       0
       3
       3
       2
       0
       2
       5
       1
       6
       2
       0
       3
       3
       1
       7
       3
       1
       1
       5
       3
       2
       3
       2
       4
       5
       4
       3
       1
       5
       2
       5
       2
       2
       2
       1
       4
       2
       5
       3
       1
       1
       2
       3
       3
       1
       1
       1
       1
       1
       0
       0
       0
       5
       2
       2
       1
       2
       3
       1
       0
       1
       1
       3
       2
       2
       1
       2
       1
       2
       2
       4
       2
       3
       2
       2
       3
       5
       4
       3
       2
       0
       5
       1
       2
       4
       2
       4
       2
       1
       2
       0
       2
       3
       1
       3
       2
       1
       2
       2
       1
       0
       1
       1
       4
       3
       2
       1
       2
       1
       2
       1
       1
       2
       3
       2
       3
       0
       0
       6
       4
       1
       3
       1
       1
       3
       2
       3
       1
       1
       2
       4
       3
       2
       2
       2
       2
       1
       3
       1
       3
       1
       3
       1
       3
       2
       2
       1
       2
       5
       1
       7
       3
       0
       1
       2
       1
       2
       3
       3
       7
       2
       1
       2
       4
       1
       3
       1
       2
       4
       4
       1
       2
       1
       5
       3
       2
       4
       4
       5
       3
       3
       3
       0
       3
       2
       1
       5
       2
       3
       1
       3
       2
       1
       2
       2
       2
       2
       1
       1
       1
       3
       1
       2
       1
       1
       5
       1
       3
       0
       0
       3
       2
       1
       2
       1
       5
       1
       5
       2
       6
       0
       3
       3
       2
       2
       2
       3
       5
       7
       7
       7
       5
       7
       7
       9
      14
      21
      24
      43
      57
      84
     111
     116
     112
      99
      52
      40
      22
       6
       3
       3
       2
       2
       1
       0
       1
       2
       0
       2
       1
       0
       1
       0
       2
       0
       3
       1
       3
       0
       1
       4
       0
       3
       0
       3
       3
       0
       1
       2
       2
       1
       1
       1
       4
       1
       1
       2
       3
       2
       1
       0
       3
       1
       2
       2
       2
       2
       2
       1
       0
       2
       1
       0
       3
       0
       1
       3
       1
       2
       1
       1
       0
       0
       0
       3
       1
       1
       1
       1
       1
       0
       1
       2
       5
       1
       2
       1
       1
       1
       1
       1
       2
       0
       1
       2
       1
       0
       0
       0
       3
       4
       2
       2
       0
       1
       6
       1
       1
       5
       0
       1
       0
       2
       1
       2
       2
       3
       0
       4
       3
       1
       1
       0
       1
       0
       3
       1
       1
       1
       1
       3
       1
       1
       2
       0
       1
       0
       0
       1
       1
       3
       0
       1
       2
       1
       1
       1
       1
       3
       1
       1
       3
       1
       3
       3
       3
       1
       2
       1
       3
       1
       2
       1
       1
       0
       1
       1
       1
       1
       3
       1
       2
       0
       0
       1
       0
       1
       1
       4
       1
       3
       1
       2
       0
       3
       4
       1
       1
       1
       1
       0
       2
       0
       0
       1
       1
       0
       0
       1
       3
       0
       1
       2
       3
       1
       0
       2
       0
       3
       2
       3
       2
       2
       0
       1
       3
       1
       1
       0
       0
       3
       1
       1
       1
       0
       4
       2
       0
       1
       1
       1
       0
       1
       3
       2
       2
       1
       0
       2
       0
       0
       4
       1
       2
       4
       1
       0
       1
       0
       0
       2
       1
       0
       0
       2
       2
       1
       3
       0
       1
       2
       1
       4
       1
       0
       1
       1
       4
       3
       2
       1
       1
       3
       2
       0
       1
       1
       2
       1
       1
       4
       4
       1
       1
       2
       1
       1
       1
       2
       2
       2
       0
       1
       0
       3
       2
       1
       1
       2
       0
       1
       2
       2
       5
       0
       3
       1
       1
       1
       2
       2
       0
       1
       4
       1
       1
       2
       1
       2
       2
       1
       1
       3
       3
       2
       0
       0
       1
       3
       1
       0
       0
       0
       1
       3
       1
       0
       1
       1
       1
       1
       3
       1
       1
       3
       0
       2
       2
       1
       3
       0
       2
       0
       0
       2
       0
       2
       2
       4
       0
       0
       3
       1
       1
       1
       0
       1
       2
       3
       1
       0
       1
       1
       1
       0
       2
       1
       0
       2
       0
       2
       2
       1
       1
       2
       1
       2
       1
       2
       1
       0
       1
       1
       0
       2
       1
       2
       2
       2
       2
       0
       2
       1
       0
       0
       2
       2
       2
       1
       2
       0
       1
       1
       2
       1
       2
       0
       1
       2
       4
       5
       1
       3
       1
       0
       2
       1
       1
       1
       2
       0
       1
       1
       1
       2
       1
       1
       0
       3
       1
       5
       1
       1
       1
       1
       2
       2
       2
       0
       0
       2
       2
       2
       2
       2
       1
       1
       3
       2
       3
       1
       2
       1
       0
       1
       2
       0
       1
       1
       0
       1
       4
       2
       1
       0
       0
       1
       1
       0
       3
       0
       1
       1
       1
       2
       2
       2
       1
       1
       2
       0
       0
       1
       3
       0
       1
       1
       0
       3
       2
       2
       1
       4
       2
       2
       0
       0
       0
       0
       2
       0
       1
       0
       0
       1
       2
       2
       1
       1
       0
       1
       3
       1
       1
       1
       2
       0
       1
       0
       1
       0
       2
       2
       2
       1
       0
       1
       0
       0
       1
       1
       4
       0
       1
       2
       2
       2
       0
       0
       3
       3
       1
       0
       1
       2
       1
       0
       2
       0
       0
       1
       0
       2
       1
       2
       0
       1
       3
       0
       1
       2
       1
       2
       4
       0
       3
       0
       1
       2
       1
       0
       0
       1
       1
       2
       0
       0
       1
       0
       1
       1
       0
       2
       1
       1
       0
       0
       1
       2
       1
       2
       0
       2
       3
       2
       1
       0
       1
       0
       0
       1
       0
       0
       2
       1
       3
       0
       1
       0
       1
       2
       2
       1
       1
       2
       0
       1
       2
       1
       1
       2
       0
       0
       0
       0
       1
       1
       1
       0
       0
       1
       4
       0
       0
       0
       0
       1
       1
       1
       1
       0
       0
       1
       1
       0
       3
       1
       2
       3
       0
       0
       0
       1
       1
       0
       3
       1
       1
       2
       1
       0
       2
       2
       0
       0
       0
       1
       1
       1
       0
       1
       1
       1
       1
       0
       0
       0
       2
       2
       0
       1
       0
       0
       1
       1
       0
       0
       3
       3
       1
       0
       3
       0
       0
       2
       3
       0
       1
       0
       1
       1
       1
       0
       1
       2
       1
       3
       0
       0
       0
       0
       0
       0
       1
       1
       0
       0
       1
       2
       1
       2
       2
       0
       1
       1
       0
       0
       0
       1
       0
       2
       0
       0
       0
       1
       1
       2
       0
       1
       0
       0
       1
       0
       0
       0
       2
       0
       0
       0
       0
       2
       0
       1
       0
       1
       1
       0
       2
       1
       0
       0
       2
       0
       0
       0
       1
       1
       1
       1
       0
       0
       0
       2
       1
       1
       1
       0
       0
       1
       1
       3
       1
       2
       0
       2
       0
       3
       0
       2
       2
       2
       1
       2
       2
       0
       0
       1
       1
       2
       0
       4
       1
       1
       0
       0
       0
       1
       0
       1
       3
       2
       0
       1
       1
       1
       1
       0
       0
       1
       0
       0
       1
       0
       2
       0
       0
       1
       1
       2
       3
       2
       1
       2
       2
       2
       2
       0
       1
       3
       2
       0
       1
       0
       0
       1
       2
       0
       2
       0
       2
       1
       1
       0
       1
       0
       1
       2
       0
       1
       1
       0
       0
       1
       0
       4
       1
       0
       2
       2
       0
       1
       0
       1
       1
       0
       3
       3
       0
       0
       0
       1
       1
       2
       1
       3
       4
       1
       1
       1
       1
       0
       2
       2
       1
       1
       1
       0
       0
       0
       1
       0
       2
       2
       0
       1
       0
       1
       0
       0
       0
       0
       2
       2
       0
       0
       1
       0
       0
       1
       0
       0
       1
       1
       2
       0
       1
       2
       2
       1
       1
       3
       2
       1
       0
       0
       0
       3
       3
       4
       2
       2
       0
       0
       0
       0
       0
       0
       0
       0
       0
       1
       1
       1
       0
       0
       2
       1
       1
       1
       0
       1
       0
       0
       2
       0
       0
       0
       2
       0
       0
       0
       0
       1
       1
       0
       0
       0
       2
       1
       0
       1
       0
       0
       0
       0
       1
       3
       0
       1
       1
       0
       0
       0
       3
       0
       2
       0
       0
       0
       0
       1
       0
       0
       1
       0
       1
       0
       0
       2
       0
       1
       1
       1
       3
       2
       1
       1
       0
       1
       1
       0
       0
       0
       0
       0
       1
       1
       0
       3
       1
       0
       0
       0
       1
       2
       1
       1
       1
       0
       0
       0
       0
       0
       0
       1
       1
       0
       2
       2
       0
       1
       1
       0
       1
       0
       1
       0
       1
       0
       0
       0
       1
       0
       1
       1
       0
       1
       2
       3
       2
       2
       4
       3
       2
       1
       1
       1
       0
       2
       0
       1
       0
       3
       1
       1
       0
       0
       0
       1
       1
       0
       0
       1
       0
       0
       3
       1
       0
       1
       0
       0
       0
       1
       2
       1
       0
       1
       0
       1
       1
       0
       1
       1
       0
       1
       1
       1
       0
       0
       0
       0
       1
       0
       1
       1
       0
       0
       3
       2
       2
       1
       1
       1
       0
       0
       0
       0
       0
       0
       0
       0
       0
       2
       1
       1
       1
       0
       1
       2
       1
       0
       0
       0
       1
       2
       0
       3
       2
       1
       3
       0
       1
       0
       1
       1
       0
       0
       0
       1
       0
       0
       1
       0
       0
       1
       0
       1
       3
       1
       1
       0
       0
       1
       1
       2
       0
       1
       0
       2
       1
       1
       1
       2
       0
       1
       0
       1
       1
       4
       2
       1
       0
       0
       1
       1
       2
       0
       2
       1
       0
       0
       2
       2
       1
       1
       1
       0
       0
       0
       1
       0
       0
       1
       0
       1
       2
       1
       0
       0
       0
       1
       0
       0
       0
       1
       2
       0
       1
       0
       0
       0
       0
       0
       2
       1
       0
       0
       0
       0
       1
       0
       0
       0
       0
       1
       2
       1
       0
       1
       0
       0
       0
       2
       0
       0
       1
       1
       0
       2
       1
       0
       0
       1
       1
       0
       0
       0
       0
       0
       1
       1
       1
       0
       2
       0
       1
       0
       0
       2
       1
       0
       0
       0
       0
       0
       2
       1
       0
       2
       0
       0
       0
       2
       0
       0
       0
       1
       0
       0
       2
       0
       1
       1
       1
       0
       0
       1
       0
       0
       0
       0
       1
       0
       1
       0
       2
       0
       0
       1
       0
       1
       0
       2
       2
       1
       0
       1
       2
       1
       1
       0
       2
       0
       1
       1
       0
       3
       0
       0
       0
       1
       2
       0
       0
       1
       0
       0
       1
       0
       0
       1
       1
       0
       3
       2
       1
       2
       0
       5
       4
       1
       3
       0
       3
       2
       1
       2
       1
       1
       3
       1
       1
       2
       5
       2
       0
       2
       3
       3
       1
       3
       2
       1
       3
       3
       2
       3
       1
       0
       0
       1
       2
       2
       1
       0
       2
       0
       3
       4
       2
       0
       0
       2
       0
       1
       1
       3
       0
       1
       1
       2
       2
       0
       0
       1
       1
       2
$ROI:
0
$PRESETS:
Live Time
200
0
$ENER_FIT:
0.758590 0.390343
$MCA_CAL:
3
7.585902E-001 3.903432E-001 0.000000E+000 keV
$SHAPE_CAL:
3
0.000000E+000 0.000000E+000 0.000000E+000
