$SPEC_ID:
No sample description was entered.
$SPEC_REM:
DET# 2
DETDESC# DESKTOP-94TLD73 92X
AP# Maestro Version 6.06
$DATE_MEA:
01/05/2023 11:44:59
$MEAS_TIM:
200 202
$DATA:
0 4095
       0
       0
       0
       0
       0
       0
       0
       0
       0
       0
       0
       0
       0
       0
       0
       0
       0
       0
       0
       0
       0
       0
       0
       0
       0
       0
       0
       0
       0
       0
       0
       0
       0
       0
       0
       0
       0
       0
       0
       0
       0
       0
       0
       0
       0
       0
       0
       0
       0
       0
       0
       0
       0
       0
       0
       0
       0
       0
       0
       0
       0
       0
       0
       0
       0
       0
       0
       0
       0
       0
       0
       0
       0
       0
       0
       0
       0
       0
       0
       0
       0
       0
       0
       0
       0
       0
      11
      37
      96
     124
     104
     117
     112
     101
     117
     104
     110
     111
      97
      92
      83
      80
      97
     101
      96
     105
      90
      99
     107
      67
      92
      85
      90
      92
      82
      92
      96
      90
      92
      92
     103
      92
      77
      83
      77
      76
      89
      93
      92
      74
     107
      97
      78
      90
      89
      84
      95
      88
      69
      87
      81
      78
      79
      97
      87
      79
      93
      96
     102
      98
      91
      87
      82
      77
      75
      89
      79
      93
      85
      72
      79
      85
      94
      70
      89
      83
      72
      80
      82
      74
      89
     104
      86
      98
      88
     111
      91
      91
      98
      79
      97
      89
     100
      80
      96
      87
     106
      94
      96
      78
      87
      83
      99
      93
      97
     105
     104
      97
     113
     100
      79
      94
     121
     100
      94
      88
      87
     105
      96
     118
     104
      96
     100
     117
     102
      87
     108
     102
     109
      93
      92
      91
      90
      86
      98
      85
     106
     110
     104
     113
      96
     119
     108
      93
     108
      87
     102
      87
     105
     101
      86
      88
      95
      81
     108
      99
     113
     110
     108
      94
     106
      95
      94
     123
      76
      94
     105
     113
     123
     120
      91
      96
     103
     105
     104
     109
      98
     114
     109
     103
     124
     100
      83
      99
     123
      93
      92
      94
      93
      95
     102
      90
      99
      93
      94
      94
      85
     119
     112
      84
     106
      94
     104
     100
     115
      94
     102
      78
     103
     103
      92
     109
     101
      92
      67
     118
      93
      91
      91
     118
     106
     101
      95
      88
      95
      77
      97
     101
      93
      98
      98
     101
      76
      91
     109
      95
      81
     106
     101
      84
      88
      79
      71
      86
      78
      91
      93
      86
      89
     106
      90
      92
      97
     100
      84
      74
      89
      92
      86
     114
      89
      81
     107
      72
     111
      87
      67
     101
      83
     103
      88
      84
      86
      81
      87
      95
      76
      84
     102
      74
      90
      83
      88
      83
      69
      94
      93
      77
      84
      71
      79
      92
      78
      74
      83
      81
      72
      80
      78
      77
      92
      69
      82
      72
      93
      74
      75
      97
      75
      83
      72
      81
      72
      81
      75
     120
      60
      73
      82
      74
      69
      54
      59
      75
      80
      56
      71
      77
      79
      68
      69
      82
      60
      55
      58
      74
      71
      66
      66
      64
      75
      76
      73
      65
      83
      61
      67
      77
      73
      51
      79
      56
      63
      65
      67
      63
      81
      72
      66
      75
      55
      82
      59
      70
      80
      72
      83
      64
      75
      67
      73
      73
      66
      67
      57
      73
      72
      59
      72
      51
      65
      59
      52
      69
      67
      59
      54
      72
      68
      67
      48
      62
      68
      56
      70
      59
      56
      69
      57
      64
      75
      56
      73
      60
      61
      81
      62
      60
      62
      53
      67
      68
      46
      69
      52
      71
      38
      61
      70
      53
      40
      57
      68
      68
      61
      47
      57
      60
      52
      50
      52
      71
      53
      59
      52
      60
      47
      63
      55
      59
      52
      64
      56
      51
      64
      50
      69
      68
      54
      53
      65
      57
      53
      59
      50
      61
      42
      51
      56
      55
      44
      53
      60
      56
      54
      58
      45
      68
      71
      57
      42
      56
      51
      47
      46
      58
      51
      50
      57
      54
      46
      58
      45
      48
      58
      50
      38
      55
      39
      50
      50
      57
      57
      57
      41
      54
      47
      39
      52
      49
      46
      50
      42
      46
      58
      41
      40
      44
      37
      55
      40
      50
      42
      44
      49
      51
      48
      53
      44
      59
      57
      45
      56
      35
      34
      44
      51
      51
      46
      37
      52
      50
      52
      51
      29
      37
      41
      46
      47
      37
      44
      45
      42
      39
      54
      48
      37
      42
      38
      45
      41
      46
      49
      37
      42
      44
      39
      44
      34
      50
      37
      38
      32
      43
      46
      42
      40
      45
      44
      41
      48
      35
      49
      42
      35
      51
      32
      42
      36
      30
      34
      34
      35
      41
      59
      46
      40
      38
      34
      38
      40
      42
      38
      41
      40
      45
      43
      45
      39
      34
      50
      40
      36
      47
      49
      30
      42
      33
      39
      40
      37
      28
      50
      39
      43
      32
      48
      40
      55
      46
      34
      38
      29
      41
      30
      40
      36
      35
      47
      37
      34
      38
      46
      50
      41
      42
      47
      40
      41
      37
      48
      38
      43
      47
      36
      36
      44
      54
      43
      37
      46
      37
      28
      40
      43
      46
      26
      36
      50
      39
      40
      29
      40
      30
      42
      41
      45
      45
      41
      43
      41
      47
      35
      29
      39
      46
      31
      43
      35
      44
      36
      41
      39
      43
      35
      41
      44
      28
      32
      50
      40
      42
      28
      43
      42
      32
      39
      38
      41
      40
      38
      41
      38
      42
      45
      36
      37
      36
      38
      34
      31
      38
      44
      38
      43
      36
      50
      22
      32
      35
      50
      42
      42
      27
      44
      43
      38
      37
      34
      38
      36
      34
      37
      47
      36
      43
      30
      46
      32
      34
      30
      40
      40
      41
      34
      35
      40
      28
      41
      39
      39
      28
      29
      44
      41
      36
      44
      33
      38
      40
      27
      38
      37
      41
      47
      39
      32
      34
      30
      32
      33
      27
      37
      27
      51
      43
      41
      48
      44
      27
      20
      28
      30
      30
      31
      26
      22
      35
      32
      28
      20
      27
      20
      24
      30
      30
      23
      42
      29
      32
      21
      16
      28
      30
      25
      18
      25
      23
      19
      26
      23
      16
      23
      34
      27
      18
      26
      25
      17
      24
      12
      16
      19
      15
      10
      21
      22
      25
      18
      20
      24
      19
      18
      27
      18
      25
      19
      18
      21
      16
      17
      14
      27
      16
      15
      19
      16
      16
      20
      20
      11
      24
      17
      19
      16
      17
      12
      23
      23
      16
      20
      14
      14
      21
      24
      22
      20
      13
      16
      24
      19
      17
      19
      15
       8
      19
      12
      17
      15
      15
      22
      18
      17
      18
      13
      12
      16
      25
      19
      15
      15
      18
      16
      18
      21
       8
      11
      18
      10
      11
      12
      11
      11
      16
      10
      11
      17
      20
      12
      15
      13
      12
      21
      21
      23
      10
      11
      16
      13
      14
      18
      16
      13
      16
      15
      17
      18
      16
       9
      10
      16
      14
      17
      11
      10
      10
      11
      12
      11
      19
      13
       9
      13
       8
      14
      11
      18
       6
      15
       8
      17
      15
      13
      11
      10
      10
      14
      11
      13
      14
      12
       9
      14
      16
       6
      14
      13
      13
      10
      19
      12
       8
      14
       6
       7
      17
      10
      10
      10
       7
       7
       9
       7
       8
      13
      11
      10
      12
      12
      12
      15
      13
       7
       9
      12
      13
      11
      10
      17
      11
      11
       9
      11
      15
       8
      10
       9
      10
      11
       8
       7
      15
      10
      13
      14
       8
      16
      10
      10
       8
      16
      17
       6
       7
      10
       7
      11
      13
      14
      18
       6
      14
       9
      15
      16
       8
      10
       8
      10
       8
       7
       9
      14
      10
       9
      12
      10
      11
       9
      11
      11
      11
       9
       5
       7
      11
      13
       9
      13
       8
      11
      14
       9
       9
      13
       9
       8
      12
      17
       8
      11
      10
       8
      13
       7
      11
       8
      10
       7
      11
      11
      11
       9
       6
       6
      14
      15
      10
       7
       8
       9
       8
      12
       7
       7
      10
      10
      14
      11
      12
      11
      12
      11
       4
      11
       9
      13
      14
      11
       8
      18
      10
       8
      10
       8
      14
       7
      12
      10
       7
      11
       6
       8
      14
      11
      14
       6
       8
       8
      15
       8
      15
      15
       9
      15
      10
      11
      11
       3
       8
       9
      12
       9
       8
       9
      12
      16
      10
       8
      10
      13
      15
      16
      11
       5
      17
       8
       8
       9
       7
       3
       7
       9
      14
      10
      10
       8
       9
      15
      11
       5
       7
       6
       8
      10
      10
      11
      10
      14
       9
      10
       8
      16
       8
       5
      10
       8
       7
       8
      12
      14
      15
      12
      13
       8
      13
      15
      14
      11
      13
      10
      23
      20
      19
      22
      18
      36
      33
      38
      55
      64
      96
     112
     122
     182
     239
     292
     321
     344
     335
     295
     269
     248
     152
     116
      73
      58
      30
      32
      23
      20
      14
      15
       7
       7
       9
       7
       4
      10
       3
       6
       5
       7
       5
       7
       3
       8
       3
       5
       8
       6
       6
      13
       5
       2
       5
       5
       6
      10
       6
      10
       9
      11
       4
       6
       3
       2
       6
       6
       3
       7
       5
       6
       5
       5
       6
       3
       3
       7
       5
       4
       5
       2
       3
       4
       6
       3
       2
       4
       4
       3
       9
       4
       8
       6
       3
       3
       6
       8
       8
      11
       5
       1
       5
       3
       5
       5
       6
       5
       4
       6
       4
       6
       2
       3
       4
       5
       5
       4
       6
       4
       5
       4
       5
       5
       5
       5
       7
      14
       7
       4
       1
       3
       3
       3
       4
       3
       6
       4
       9
       5
      11
       1
       7
       4
       7
       6
       4
       5
       2
      10
       3
       5
       4
       4
       5
       5
       1
       6
       5
       4
       7
       4
       8
       3
       4
       3
       4
       8
       5
       4
       3
       3
       5
       7
       5
       4
       6
       3
       4
      10
       9
       3
       6
       5
       1
       2
       6
       6
       3
       3
       9
       6
       6
       9
       4
       4
       4
       5
       4
      10
       3
       5
       4
       9
       5
       6
       4
       6
       4
       7
       8
       6
      10
      10
       7
       2
       7
       6
       2
       7
       4
       6
       3
       5
       3
       7
       3
       3
       6
       4
       4
       7
       7
       7
       2
       6
       5
       4
       7
       6
       4
       5
       1
       7
       5
       3
       6
       4
       7
       4
       4
       4
       7
       7
       5
       9
       2
       7
       1
       4
       4
       3
       7
       5
       7
       6
       7
       3
       6
       8
       7
       4
       1
       3
       7
       9
       3
       3
       7
       4
       6
       4
       3
       4
       3
       3
       6
       5
       6
       6
       3
       5
       6
       4
       6
       7
       4
       3
      10
       2
       2
       3
       7
       2
       2
       6
       5
       2
       3
       5
       6
       4
       2
       7
       4
       3
       5
       5
       8
       5
       5
       4
       5
       7
       3
       6
       0
       4
       1
       4
       2
       1
       7
       3
       5
       1
       2
       1
      10
       5
       5
       9
       6
       3
       4
       6
       4
       4
       2
       1
       4
       5
       6
       3
       4
       1
       6
       7
       4
       5
       5
       5
       5
       4
       4
       5
       3
       2
       6
       5
       4
       6
       9
       3
       4
       1
       0
       5
       2
       5
       6
       3
       7
       5
       4
      10
       4
       1
       3
       5
       5
       4
       5
       5
       4
       3
       5
       4
       1
       2
       5
       2
       6
       7
       0
       4
       5
       3
       1
       5
       4
       4
       5
       5
       4
       5
       2
       3
       5
       2
       4
       4
       3
       1
       5
       8
       3
       3
       2
       6
       4
       4
       3
       6
       4
       3
       8
       4
       6
       2
       5
       6
       2
       5
       1
       5
       7
       3
       4
       4
       4
       2
       6
       5
       4
       4
       1
       4
       4
       5
       5
       5
       4
       2
       4
       6
       4
       4
       3
       6
       2
       4
       3
       4
       7
       2
       2
       4
       7
       3
       4
       0
       3
       5
       6
       3
       6
       4
       5
       7
       2
       6
       1
       0
       2
       5
       2
       0
       5
       4
       3
       1
       0
       3
       3
       5
       2
       5
       5
       4
       0
       6
       4
       5
       3
       5
       2
       1
       2
       4
      10
       6
       2
       2
       0
       4
       4
       2
      10
       6
       7
       3
       4
       4
       2
       7
       3
       3
       8
       5
       3
       4
       5
       4
       6
       6
       2
       4
       7
       3
       5
       2
       3
       7
       7
       0
       3
       1
       5
       6
       4
       3
       6
       6
       9
       3
       6
       3
       2
       2
       1
       2
       3
       2
       5
       3
       6
       2
       5
       5
       7
       3
       5
       5
       5
       4
       8
       7
       2
       2
       6
       3
       2
       1
       0
       4
       2
       4
       6
       4
       1
       4
       5
       5
       2
       4
       3
       5
       2
       4
       6
      10
       3
       8
       3
       5
       5
       4
       5
       3
       5
       5
       6
       8
       8
       3
       8
       6
       5
       3
       7
       4
       4
       5
       4
       5
       5
       6
       3
       4
       6
       3
       5
       6
       1
       3
      10
       3
       2
       2
       6
       3
       4
       3
       4
       7
       1
       5
       1
       3
       5
       4
       2
       5
       3
       8
       0
       4
       4
       6
       6
       3
       2
       6
       7
       6
       3
       2
       5
       4
       3
       3
       2
       5
       3
       4
       4
       4
       1
       3
       5
       2
       4
       1
       4
       4
       5
       6
      11
       5
       5
       4
       5
       1
       6
       6
       3
       2
       1
       6
       2
       4
       1
       3
       6
       4
       7
       2
       7
       6
       8
       5
       2
       5
       5
       0
       4
       2
       3
       5
       3
       2
       2
       3
       1
       3
       3
       4
       1
       5
       1
       3
       5
       1
       6
       3
       5
       4
       2
       7
       7
       2
       2
       3
       4
       5
       3
       4
       5
       6
       6
       4
       2
       2
       7
       5
       2
       4
       5
       5
       4
       3
       4
       6
       5
       4
       8
       2
       7
       4
       3
       3
       6
       2
       2
       3
       4
       7
       5
       8
       1
       7
       3
       5
       7
       4
       4
       4
       1
       9
       6
       7
       3
       5
       3
       4
       4
       3
       5
       7
       4
       5
       3
       4
       0
       4
       5
       2
       1
       4
       4
       5
       5
       2
       4
       5
       6
       4
       4
       4
       4
       2
       2
       1
       4
       8
       4
       2
       3
       6
       6
       7
       4
       5
       4
       3
       2
       1
       3
       3
       2
       5
       4
       3
       2
       2
       5
       5
       4
       3
       1
       5
       4
       6
       4
       1
       4
       4
       2
       3
       2
       1
       2
       3
       1
       4
       1
       4
       2
       5
       3
       3
       5
       4
       2
       9
       2
       5
       2
       7
       2
       2
       2
       6
       3
       6
       4
       5
       4
       2
       5
       7
       4
       3
       4
       3
       2
       3
       3
       3
       0
       5
       2
       1
       0
       5
       4
       1
       1
       3
       0
       3
       3
       3
       2
       5
       1
       2
       2
       3
       4
       4
       4
       3
       4
       6
       2
       3
       3
       2
       4
       3
       6
       2
       4
       3
       3
       5
       5
       2
       4
       2
       0
       1
       1
       7
       4
       6
       3
       5
       4
       0
       5
       3
       4
       4
       5
       0
       0
       1
       4
       2
       3
       2
       2
       1
       0
       2
       2
       1
       1
       4
       0
       4
       1
       4
       2
       4
       5
       2
       0
       3
       4
       4
       3
       3
       3
       3
       2
       6
       2
       5
       1
       4
       1
       2
       2
       0
       2
       2
       1
       7
       2
       1
       1
       3
       6
       2
       4
       3
       3
       3
       6
       4
       6
       0
       3
       2
       3
       4
       3
       2
       2
       4
       3
       4
       3
       3
       2
       6
       3
       4
       5
       4
       5
       2
       3
       4
       3
       3
       0
       2
       3
       2
       4
       1
       1
       2
       3
       2
       1
       1
       4
       0
       2
       2
       1
       1
       4
       1
       3
       3
       3
       0
       1
       4
       5
       2
       2
       5
       3
       1
       1
       2
       3
       4
       3
       1
       5
       1
       0
       4
       1
       2
       1
       1
       2
       1
       2
       2
       4
       3
       2
       3
       1
       1
       1
       0
       2
       3
       0
       0
       1
       2
       4
       4
       4
       4
       0
       3
       2
       2
       3
       1
       3
       1
       0
       4
       0
       0
       4
       5
       1
       3
       1
       1
       4
       5
       0
       3
       1
       2
       4
       2
       1
       2
       1
       2
       0
       2
       5
       0
       2
       5
       1
       1
       4
       2
       3
       2
       1
       2
       2
       3
       3
       1
       1
       2
       3
       1
       3
       0
       2
       1
       3
       1
       0
       3
       3
       4
       2
       1
       3
       1
       1
       0
       3
       3
       2
       2
       1
       4
       1
       1
       2
       1
       2
       0
       2
       0
       1
       1
       4
       1
       1
       1
       2
       1
       2
       1
       0
       2
       1
       0
       1
       3
       4
       0
       3
       1
       3
       1
       0
       1
       2
       1
       1
       2
       2
       2
       3
       5
       8
       3
       1
       2
       2
       3
       3
       3
       8
       1
       1
       2
       1
       1
       1
       4
       1
       5
       1
       3
       1
       4
       1
       1
       1
       2
       4
       3
       2
       2
       1
       1
       3
       5
       2
       2
       3
       1
       1
       2
       1
       3
       3
       2
       0
       2
       1
       3
       2
       1
       1
       1
       2
       2
       4
       1
       2
       0
       2
       3
       5
       1
       2
       1
       1
       1
       2
       1
       2
       2
       4
       2
       2
       1
       5
       1
       4
       2
       2
       2
       0
       5
       1
       2
       3
       4
       2
       0
       2
       1
       1
       3
       1
       5
       4
       2
       1
       0
       3
       2
       2
       1
       2
       1
       2
       1
       3
       1
       5
       1
       2
       1
       2
       3
       5
       1
       3
       1
       2
       1
       7
       4
       4
       2
       4
       3
       2
       4
       5
       4
       3
       6
      13
       7
       6
      17
      24
      28
      28
      31
      15
      23
      13
       9
       2
       3
       1
       1
       1
       2
       1
       4
       3
       1
       3
       0
       1
       1
       2
       4
       4
       2
       1
       0
       2
       3
       1
       1
       1
       1
       2
       1
       1
       1
       1
       4
       0
       0
       1
       3
       1
       2
       2
       0
       1
       3
       1
       2
       1
       2
       4
       1
       1
       2
       2
       2
       0
       4
       3
       4
       1
       5
       3
       3
       1
       3
       1
       4
       0
       3
       1
       1
       3
       0
       3
       1
       1
       1
       4
       0
       4
       1
       1
       2
       3
       2
       1
       1
       3
       1
       2
       2
       2
       2
       0
       1
       2
       0
       2
       3
       2
       2
       3
       0
       3
       4
       3
       3
       1
       3
       1
       2
       0
       4
       3
       2
       1
       1
       1
       1
       0
       2
       1
       1
       3
       0
       2
       2
       1
       0
       1
       3
       0
       1
       1
       1
       0
       2
       1
       0
       0
       2
       0
       6
       3
       3
       1
       0
       2
       6
       0
       5
       2
       2
       2
       1
       3
       0
       4
       0
       2
       3
       2
       0
       4
       2
       4
       3
       1
       2
       1
       1
       1
       1
       2
       1
       1
       3
       0
       2
       1
       1
       3
       1
       1
       5
       1
       1
       1
       2
       3
       2
       2
       0
       3
       1
       3
       2
       1
       3
       3
       1
       1
       1
       2
       1
       0
       1
       2
       1
       0
       0
       1
       2
       0
       4
       2
       3
       2
       3
       3
       0
       0
       2
       1
       2
       0
       2
       6
       2
       3
       2
       1
       0
       4
       3
       2
       1
       4
       2
       0
       1
       1
       2
       1
       4
       1
       1
       0
       2
       1
       1
       0
       1
       0
       3
       1
       4
       0
       0
       1
       1
       2
       1
       4
       1
       2
       1
       2
       5
       1
       6
       0
       1
       2
       2
       1
       5
       3
       2
       2
       1
       1
       4
       1
       3
       1
       4
       4
       1
       2
       1
       0
       2
       3
       1
       0
       1
       3
       1
       1
       0
       1
       0
       2
       1
       2
       0
       3
       0
       0
       3
       2
       5
       0
       3
       0
       4
       1
       0
       1
       2
       0
       2
       1
       2
       1
       2
       2
       1
       3
       1
       3
       1
       1
       0
       4
       0
       1
       3
       0
       1
       1
       1
       3
       1
       0
       2
       2
       2
       3
       5
       1
       0
       1
       1
       0
       0
       2
       0
       1
       1
       2
       3
       0
       0
       0
       3
       1
       2
       1
       3
       1
       0
       0
       0
       1
       0
       3
       1
       1
       2
       0
       2
       0
       2
       3
       2
       2
       2
       0
       1
       0
       2
       1
       1
       1
       2
       3
       2
       3
       0
       1
       2
       0
       1
       2
       2
       0
       0
       2
       1
       3
       4
       2
       2
       3
       1
       1
       2
       3
       2
       2
       0
       0
       2
       0
       0
       2
       4
       3
       0
       2
       2
       1
       2
       2
       1
       2
       2
       1
       1
       3
       2
       2
       0
       2
       0
       1
       2
       0
       0
       2
       3
       2
       3
       2
       5
       4
       0
       0
       2
       0
       4
       1
       1
       0
       3
       1
       2
       1
       3
       0
       2
       5
       4
       0
       2
       3
       1
       1
       2
       3
       0
       0
       2
       0
       1
       2
       1
       0
       2
       3
       2
       1
       0
       0
       2
       1
       2
       0
       1
       1
       1
       0
       3
       2
       3
       0
       1
       2
       2
       1
       2
       4
       1
       4
       3
       3
       2
       2
       1
       2
       1
       1
       2
       1
       3
       3
       3
       1
       3
       1
       0
       0
       3
       3
       2
       2
       1
       1
       4
       3
       1
       1
       0
       1
       0
       4
       1
       1
       1
       0
       1
       2
       2
       1
       5
       0
       2
       2
       0
       1
       2
       3
       4
       1
       1
       2
       0
       1
       3
       1
       0
       0
       2
       1
       0
       4
       0
       1
       0
       1
       1
       4
       0
       1
       2
       3
       3
       0
       2
       3
       0
       3
       1
       1
       3
       4
       2
       0
       2
       2
       2
       3
       3
       0
       3
       2
       4
       0
       1
       1
       1
       2
       3
       0
       1
       2
       3
       1
       3
       0
       0
       2
       1
       0
       0
       0
       2
       1
       1
       2
       1
       1
       3
       0
       0
       2
       5
       1
       1
       0
       1
       1
       2
       0
       0
       2
       3
       0
       1
       3
       0
       2
       2
       4
       2
       5
       3
       3
       3
       0
       2
       1
       2
       1
       1
       2
       2
       2
       0
       1
       0
       3
       0
       1
       1
       0
       0
       5
       1
       2
       1
       3
       1
       2
       1
       1
       3
       1
       4
       2
       1
       0
       0
       1
       0
       3
       0
       2
       1
       1
       4
       0
       0
       2
       1
       1
       2
       3
       2
       1
       2
       1
       2
       0
       0
       2
       0
       2
       0
       0
       0
       1
       1
       0
       0
       0
       0
       2
       3
       3
       1
       1
       2
       1
       2
       2
       2
       1
       1
       2
       1
       2
       0
       0
       0
       1
       0
       4
       0
       1
       1
       2
       0
       1
       1
       0
       1
       0
       0
       2
       0
       5
       1
       2
       3
       1
       2
       0
       1
       1
       2
       1
       1
       4
       0
       3
       1
       4
       2
       0
       9
       3
       2
       0
       3
       0
       0
       2
       0
       0
       0
       0
       3
       0
       0
       1
       2
       1
       1
       1
       1
       3
       2
       1
       3
       2
       2
       0
       1
       3
       1
       1
       2
       2
       3
       2
       1
       0
       1
       0
       0
       0
       1
       1
       2
       0
       3
       2
       1
       1
       1
       2
       4
       2
       0
       0
       0
       2
       0
       1
       1
       2
       5
       1
       1
       2
       0
       3
       0
       2
       1
       3
       1
       1
       2
       1
       2
       2
       0
       2
       2
       2
       1
       4
       2
       2
       0
       2
       0
       1
       1
       1
       1
       2
       2
       0
       0
       0
       0
       2
       3
       1
       3
       2
       2
       1
       0
       1
       4
       2
       0
       0
       0
       1
       1
       1
       1
       0
       1
       0
       2
       0
       2
       0
       1
       0
       0
       2
       3
       0
       0
       0
       1
       2
       2
       0
       1
       2
       1
       1
       3
       2
       1
       0
       4
       3
       1
       2
       2
       1
       1
       0
       1
       1
       0
       2
       3
       1
       2
       0
       1
       5
       1
       0
       2
       2
       2
       1
       0
       3
       1
       0
       0
       1
       0
       1
       1
       0
       1
       0
       2
       0
       1
       2
       0
       2
       1
       2
       1
       1
       2
       2
       0
       0
       2
       2
       2
       0
       3
       2
       0
       2
       0
       4
       1
       0
       2
       0
       2
       1
       1
       0
       1
       1
       1
       2
       0
       4
       2
       4
       1
       1
       1
       0
       1
       0
       0
       3
       0
       2
       2
       1
       2
       1
       5
       1
       2
       2
       0
       2
       0
       2
       0
       0
       1
       0
       1
       2
       1
       0
       2
       0
       4
       0
       0
       1
       0
       3
       0
       1
       1
       3
       2
       0
       3
       1
       1
       0
       2
       5
       0
       3
       0
       1
       2
       1
       0
       1
       1
       2
       2
       3
       0
       0
       1
       3
       3
       1
       2
       2
       0
       1
       5
       0
       3
       4
       2
       1
       3
       1
       1
       1
       1
       0
       2
       1
       1
       0
       0
       0
       1
       0
       2
       1
       2
       1
       2
       0
       2
       0
       2
       1
       0
       2
       2
       1
       2
       0
       1
       2
       0
       1
       0
       1
       1
       1
       1
       0
       1
       1
       2
       1
       0
       0
       1
       1
       0
       0
       2
       1
       0
       1
       2
       1
       1
       2
       2
       1
       1
       0
       2
       1
       0
       0
       1
       1
       0
       0
       1
       1
       0
       1
       1
       0
       1
       2
       3
       2
       2
       2
       0
       0
       1
       2
       1
       2
       1
       2
       2
       2
       2
       1
       0
       0
       0
       1
       1
       0
       1
       0
       0
       1
       1
       2
       0
       1
       0
       0
       0
       2
       1
       1
       2
       0
       2
       2
       1
       3
       0
       1
       0
       0
       1
       2
       2
       0
       2
       0
       0
       0
       1
       3
       0
       3
       1
       1
       1
       1
       0
       0
       1
       1
       2
       3
       2
       0
       0
       1
       0
       2
       2
       1
       1
       1
       1
       2
       0
       0
       1
       2
       1
       1
       0
       1
       3
       0
       1
       0
       0
       2
       2
       1
       1
       1
       1
       0
       2
       1
       1
       1
       1
       0
       2
       1
       1
       1
       3
       2
       2
       1
       1
       1
       0
       1
       0
       2
       4
       0
       2
       1
       0
       2
       0
       0
       1
       0
       0
       2
       1
       0
       1
       0
       0
       1
       0
       2
       2
       3
       2
       0
       1
       0
       1
       2
       0
       1
       2
       0
       0
       0
       1
       0
       1
       0
       2
       2
       1
       1
       0
       1
       1
       1
       3
       1
       1
       5
       1
       1
       1
       1
       0
       0
       1
       0
       0
       0
       0
       0
       4
       1
       2
       1
       4
       0
       1
       2
       1
       8
       1
       0
       2
       0
       1
       2
       0
       2
       0
       0
       0
       2
       3
       1
       1
       0
       1
       5
       2
       2
       0
       0
       3
       3
       1
       3
       3
       3
       2
       3
       3
       4
       5
       3
       2
       2
       2
       7
       1
      10
       3
       1
       3
       2
       0
       1
       1
       0
       3
       1
       5
       0
       2
       3
       3
       1
       1
       2
       2
       0
       1
       3
       1
       3
       3
       4
       4
       2
       0
       4
       2
       1
       0
       3
       1
       3
       1
       1
       0
       1
       3
       2
$ROI:
0
$PRESETS:
Live Time
200
0
$ENER_FIT:
0.758590 0.390343
$MCA_CAL:
3
7.585902E-001 3.903432E-001 0.000000E+000 keV
$SHAPE_CAL:
3
0.000000E+000 0.000000E+000 0.000000E+000
