$SPEC_ID:
No sample description was entered.
$SPEC_REM:
DET# 2
DETDESC# DESKTOP-94TLD73 92X
AP# Maestro Version 6.06
$DATE_MEA:
01/09/2023 12:12:24
$MEAS_TIM:
200 213
$DATA:
0 4095
       0
       0
       0
       0
       0
       0
       0
       0
       0
       0
       0
       0
       0
       0
       0
       0
       0
       0
       0
       0
       0
       0
       0
       0
       0
       0
       0
       0
       0
       0
       0
       0
       0
       0
       0
       0
       0
       0
       0
       0
       0
       0
       0
       0
       0
       0
       0
       0
       0
       0
       0
       0
       0
       0
       0
       0
       0
       0
       0
       0
       0
       0
       0
       0
       0
       0
       0
       0
       0
       0
       0
       0
       0
       0
       0
       0
       0
       0
       0
       0
       0
       0
       0
       0
       0
       0
      56
     249
     529
     694
     705
     661
     696
     650
     678
     657
     684
     630
     670
     610
     674
     651
     629
     647
     637
     647
     684
     635
     612
     677
     610
     600
     615
     657
     624
     609
     626
     630
     631
     637
     605
     615
     573
     657
     550
     612
     594
     583
     585
     544
     567
     555
     587
     586
     550
     571
     541
     604
     558
     520
     573
     586
     608
     642
     600
     632
     572
     648
     603
     623
     550
     651
     577
     648
     592
     578
     637
     637
     567
     604
     638
     622
     671
     659
     649
     690
     662
     742
     743
     930
    1056
    1340
    1587
    1567
    1338
    1446
    1833
    2143
    2081
    1558
    1098
     832
     796
     720
     681
     643
     587
     560
     575
     611
     554
     569
     602
     591
     582
     623
     573
     611
     766
     925
    1063
    1117
    1026
     846
     655
     694
     760
     759
     687
     614
     538
     505
     490
     475
     468
     464
     522
     494
     472
     469
     487
     477
     431
     477
     460
     473
     466
     437
     470
     451
     452
     450
     482
     456
     482
     459
     486
     452
     466
     449
     459
     453
     447
     462
     460
     517
     452
     459
     455
     466
     477
     500
     461
     443
     489
     470
     490
     460
     475
     482
     455
     461
     422
     453
     450
     474
     450
     448
     446
     432
     452
     483
     431
     480
     478
     467
     457
     439
     424
     457
     455
     457
     472
     440
     483
     436
     437
     436
     496
     455
     477
     451
     471
     450
     438
     473
     444
     460
     479
     494
     469
     448
     454
     484
     426
     433
     469
     448
     436
     457
     480
     435
     443
     442
     508
     429
     471
     471
     517
     496
     457
     462
     492
     466
     494
     454
     498
     438
     467
     447
     426
     503
     429
     457
     503
     471
     478
     448
     426
     445
     448
     512
     480
     485
     496
     475
     489
     487
     468
     449
     512
     440
     494
     440
     451
     472
     446
     500
     482
     446
     439
     447
     464
     418
     435
     454
     457
     451
     437
     457
     415
     428
     424
     440
     439
     459
     420
     451
     403
     431
     384
     417
     403
     416
     373
     432
     417
     402
     387
     417
     416
     402
     418
     428
     369
     414
     380
     364
     403
     391
     399
     404
     393
     400
     427
     445
     417
     408
     415
     404
     379
     396
     371
     400
     390
     407
     375
     385
     413
     421
     366
     445
     412
     430
     464
     507
     658
    1025
    1510
    1662
    1416
    1022
     684
     458
     380
     415
     400
     376
     364
     352
     365
     354
     408
     348
     362
     337
     350
     369
     321
     347
     360
     348
     375
     379
     364
     386
     384
     322
     310
     362
     309
     351
     361
     360
     316
     313
     304
     340
     310
     323
     318
     326
     314
     271
     312
     306
     295
     288
     277
     294
     293
     318
     265
     256
     271
     242
     290
     275
     291
     277
     281
     258
     275
     287
     258
     314
     281
     255
     257
     266
     250
     254
     271
     255
     270
     277
     263
     270
     272
     280
     247
     257
     251
     267
     257
     237
     278
     261
     231
     274
     235
     244
     267
     221
     256
     230
     224
     251
     236
     224
     255
     223
     211
     237
     257
     238
     243
     201
     241
     239
     238
     231
     239
     224
     243
     208
     255
     222
     218
     223
     246
     249
     248
     285
     338
     489
     880
    1232
    1342
    1052
     696
     400
     288
     248
     242
     217
     217
     216
     209
     179
     224
     224
     200
     193
     189
     181
     184
     196
     191
     215
     208
     210
     178
     187
     192
     191
     184
     201
     200
     206
     212
     180
     180
     209
     225
     219
     214
     269
     257
     227
     191
     206
     183
     189
     168
     194
     167
     178
     161
     163
     170
     178
     192
     190
     206
     192
     173
     178
     161
     197
     161
     186
     193
     160
     167
     162
     182
     197
     186
     216
     189
     182
     220
     225
     207
     191
     191
     190
     171
     174
     181
     187
     185
     160
     174
     171
     160
     226
     190
     196
     176
     159
     168
     158
     172
     163
     155
     177
     165
     166
     200
     180
     177
     167
     183
     172
     162
     173
     185
     198
     194
     198
     184
     231
     229
     256
     326
     565
     969
    1576
    2104
    2119
    1529
     889
     443
     275
     203
     197
     168
     159
     121
     152
     135
     160
     137
     153
     137
     151
     173
     165
     131
     123
     178
     137
     152
     140
     123
     128
     142
     131
     155
     130
     140
     118
     148
     148
     148
     131
     147
     138
     137
     117
     120
     154
     131
     147
     137
     132
     140
     130
     123
     141
     111
     148
     135
     128
     134
     145
     133
     128
     149
     140
     108
     136
     148
     119
     129
     125
     158
     144
     147
     133
     132
     139
     128
     130
     127
     158
     123
     127
     132
     162
     124
     119
     123
     115
     150
     137
     152
     146
     120
     128
     154
     155
     146
     129
     143
     132
     121
     151
     137
     118
     131
     143
     131
     138
     128
     146
     153
     138
     125
     145
     157
     142
     166
     156
     139
     162
     141
     151
     162
     171
     164
     184
     209
     255
     300
     464
     771
    1446
    2425
    2985
    2977
    2083
    1171
     583
     307
     194
     186
     146
     148
     108
     127
     131
     113
      97
     118
     102
     129
      96
     127
     107
      96
     122
     131
     107
     128
     104
     112
     135
     109
     121
     112
     102
     114
      93
     110
     100
     121
      92
     102
      84
      97
     128
     128
     113
     123
     101
     111
     108
      88
     103
     100
     111
     100
     106
     106
     125
     104
     114
      97
     107
     116
     109
     110
     116
     119
     123
     109
     124
     101
     119
      85
     115
     118
     119
     121
     131
     111
     112
     143
     149
     151
     134
     154
     132
     161
     141
     143
     117
     114
     126
     116
     102
     112
     123
     119
     128
     123
     119
     118
     119
     115
     132
     123
     144
     133
     109
     112
     122
     118
     115
     116
     116
     145
     121
     135
     127
      98
     118
     128
     137
     127
     109
     117
     115
     126
     131
     125
     133
     112
     111
     127
     107
     112
     122
     124
     109
     127
     136
     137
     121
     107
     119
     116
     113
     107
     111
     110
      95
     105
     135
     103
     123
     120
     129
     124
     120
     118
     112
      97
     101
     120
     141
     121
     113
     116
     131
     102
     108
      84
     110
     106
     108
     107
     124
      98
     108
      96
     108
      89
     100
      95
      99
      91
      89
      83
      82
      92
      77
      89
      83
      79
      76
      81
      95
      83
      92
      76
      76
      74
      94
      79
      76
      77
      73
      72
     100
      76
      81
      74
     103
      72
      66
      76
      81
      81
      74
      70
      79
      83
      74
      69
      71
      81
      72
      70
      55
      65
      81
      68
      61
      65
      88
      88
      81
      94
      80
      78
      92
      81
      83
      72
      74
      63
      64
      71
      63
      73
      79
      69
      72
      76
      80
      64
      77
      69
      90
      77
      60
      53
      74
      62
      58
      60
      64
      67
      64
      77
      50
      59
      66
      68
      71
      55
      75
      58
      64
      55
      65
      66
      66
      53
      64
      80
      65
      58
      79
      66
      65
      46
      71
      56
      52
      74
      66
      74
      75
      72
      73
      64
      55
      63
      63
      54
      60
      66
      61
      77
      64
      76
      65
      89
      68
      76
      70
      54
      55
      53
      52
      61
      62
      59
      77
      57
      59
      69
      61
      44
      59
      58
      53
      63
      47
      58
      62
      55
      43
      49
      44
      37
      49
      51
      37
      54
      56
      46
      64
      56
      42
      42
      56
      57
      58
      51
      64
      51
      52
      59
      43
      64
      52
      47
      56
      75
      62
      55
      72
      40
      60
      63
      62
      54
      50
      53
      53
      54
      51
      53
      51
      56
      46
      51
      66
      50
      67
      60
      51
      53
      48
      42
      56
      40
      57
      54
      37
      28
      47
      51
      43
      36
      35
      45
      46
      56
      43
      44
      52
      43
      49
      50
      55
      58
      50
      43
      64
      60
      55
      47
      50
      53
      53
      58
      56
      50
      50
      51
      56
      55
      46
      45
      54
      56
      45
      53
      50
      54
      38
      49
      54
      43
      56
      59
      47
      64
      63
      45
      40
      52
      46
      50
      47
      45
      52
      50
      47
      57
      52
      47
      50
      52
      54
      54
      51
      44
      52
      46
      42
      42
      45
      45
      53
      51
      43
      57
      54
      44
      44
      58
      49
      34
      52
      44
      59
      50
      52
      41
      45
      47
      52
      40
      60
      51
      50
      49
      51
      53
      62
      48
      43
      45
      57
      44
      46
      52
      44
      57
      41
      37
      49
      46
      53
      38
      44
      46
      50
      52
      50
      44
      47
      46
      49
      44
      53
      40
      57
      66
      59
      59
      55
      57
      56
      52
      42
      41
      51
      50
      51
      41
      42
      48
      48
      50
      42
      45
      42
      41
      33
      55
      46
      54
      37
      40
      47
      47
      42
      45
      30
      59
      52
      54
      56
      41
      38
      46
      41
      50
      51
      40
      52
      49
      41
      55
      47
      42
      48
      48
      61
      53
      51
      56
      58
      61
      68
      73
      89
      78
     103
     104
     151
     223
     384
     638
    1107
    1468
    1525
    1364
     912
     493
     196
     138
      75
      60
      57
      31
      42
      37
      40
      46
      42
      42
      45
      24
      29
      36
      38
      33
      32
      39
      32
      35
      37
      32
      39
      37
      38
      30
      35
      33
      51
      37
      31
      27
      23
      33
      33
      31
      33
      38
      29
      40
      46
      33
      30
      34
      30
      40
      33
      37
      37
      44
      31
      35
      39
      31
      27
      26
      38
      28
      39
      29
      29
      39
      38
      41
      30
      37
      30
      35
      24
      28
      30
      41
      33
      21
      30
      44
      31
      28
      29
      35
      33
      38
      30
      29
      34
      38
      25
      32
      45
      32
      26
      38
      28
      33
      37
      29
      30
      42
      30
      30
      38
      28
      36
      37
      36
      30
      29
      34
      38
      16
      40
      41
      31
      30
      33
      21
      26
      36
      35
      46
      36
      56
      66
      79
      66
      57
      43
      41
      42
      37
      32
      29
      25
      27
      32
      24
      23
      39
      36
      32
      31
      33
      18
      20
      38
      30
      28
      29
      35
      33
      39
      23
      25
      29
      27
      29
      32
      32
      32
      31
      25
      26
      30
      33
      36
      33
      39
      45
      31
      45
      24
      27
      45
      30
      24
      39
      31
      27
      22
      29
      30
      32
      31
      31
      19
      24
      33
      40
      26
      24
      33
      37
      34
      40
      28
      32
      39
      29
      33
      26
      32
      31
      32
      29
      32
      33
      34
      35
      33
      45
      39
      35
      43
      44
      39
      30
      38
      39
      32
      31
      35
      30
      44
      37
      33
      33
      39
      44
      27
      35
      30
      29
      26
      32
      28
      34
      37
      24
      18
      23
      30
      27
      35
      32
      29
      40
      43
      36
      49
      32
      40
      34
      31
      35
      26
      40
      48
      38
      27
      39
      35
      32
      33
      32
      22
      26
      30
      33
      33
      30
      38
      25
      33
      30
      41
      20
      25
      30
      25
      29
      32
      24
      41
      31
      31
      30
      30
      31
      31
      28
      28
      35
      38
      33
      19
      31
      37
      39
      35
      41
      31
      47
      38
      36
      44
      29
      32
      26
      26
      21
      27
      20
      27
      27
      28
      22
      21
      21
      22
      23
      42
      24
      27
      31
      26
      33
      45
      35
      30
      27
      38
      24
      24
      26
      27
      32
      24
      26
      35
      31
      32
      35
      41
      32
      22
      37
      27
      32
      32
      38
      27
      37
      31
      29
      40
      51
      36
      48
      87
      96
     168
     119
     115
      73
      72
      38
      33
      36
      31
      29
      18
      19
      37
      39
      45
      29
      32
      25
      25
      24
      23
      30
      35
      20
      25
      30
      21
      29
      25
      28
      33
      26
      26
      20
      37
      31
      32
      29
      39
      43
      39
      45
      59
      58
      45
      34
      33
      21
      41
      42
      24
      23
      30
      34
      30
      30
      25
      22
      27
      35
      37
      26
      19
      30
      32
      28
      31
      32
      34
      30
      33
      29
      32
      28
      35
      35
      37
      36
      37
      36
      31
      31
      28
      32
      32
      43
      46
      59
      67
      49
      51
      43
      41
      21
      32
      25
      19
      32
      20
      27
      37
      29
      31
      40
      36
      29
      29
      45
      39
      33
      37
      32
      27
      24
      34
      21
      26
      31
      29
      42
      27
      25
      27
      28
      32
      36
      34
      35
      28
      28
      42
      31
      34
      39
      28
      30
      39
      37
      27
      33
      29
      37
      26
      38
      28
      37
      34
      29
      23
      29
      27
      35
      21
      36
      30
      24
      25
      32
      22
      29
      34
      36
      35
      49
      34
      32
      39
      41
      34
      28
      39
      23
      40
      31
      28
      36
      30
      30
      32
      34
      29
      30
      21
      34
      23
      22
      25
      39
      29
      22
      33
      34
      32
      34
      23
      35
      32
      32
      21
      28
      25
      30
      31
      36
      45
      24
      26
      26
      22
      33
      27
      21
      38
      33
      19
      40
      38
      24
      32
      27
      28
      26
      33
      43
      39
      24
      42
      23
      28
      29
      29
      27
      36
      29
      26
      25
      25
      34
      33
      26
      44
      40
      28
      34
      31
      23
      27
      19
      27
      36
      33
      27
      35
      32
      26
      33
      33
      26
      30
      28
      36
      31
      27
      23
      39
      29
      24
      25
      32
      38
      29
      25
      29
      32
      32
      39
      44
      29
      31
      22
      25
      36
      34
      20
      39
      34
      42
      34
      30
      29
      38
      31
      33
      33
      34
      39
      17
      36
      25
      42
      37
      36
      26
      36
      31
      44
      30
      32
      29
      32
      30
      29
      26
      34
      44
      33
      43
      33
      28
      35
      29
      33
      31
      31
      31
      42
      35
      36
      32
      25
      21
      34
      29
      22
      27
      23
      35
      23
      24
      25
      25
      31
      27
      22
      31
      18
      32
      23
      34
      27
      27
      27
      25
      34
      22
      30
      21
      27
      17
      25
      17
      28
      28
      30
      20
      25
      23
      16
      22
      26
      25
      18
      27
      26
      44
      27
      30
      28
      32
      38
      35
      66
      89
      80
      74
      59
      42
      27
      29
      27
      36
      25
      22
      27
      29
      23
      27
      21
      18
      26
      30
      23
      25
      27
      29
      19
      27
      22
      23
      25
      33
      24
      17
      19
      23
      27
      23
      23
      18
      30
      23
      20
      17
      21
      18
      32
      18
      21
      34
      22
      20
      27
      24
      19
      25
      27
      23
      14
      28
      31
      24
      22
      15
      24
      25
      26
      29
      25
      29
      18
      33
      22
      34
      24
      39
      27
      19
      34
      32
      24
      22
      24
      20
      23
      28
      31
      19
      21
      25
      24
      25
      22
      27
      27
      22
      16
      22
      21
      22
      15
      19
      18
      21
      14
      27
      20
      21
      19
      17
      25
      24
      27
      21
      21
      22
      19
      23
      24
      10
      18
      36
      30
      29
      21
      24
      13
      24
      24
      17
      26
      21
      19
      20
      29
      27
      24
      28
      22
      25
      24
      26
      17
      28
      26
      20
      23
      22
      15
      18
      15
      23
      18
      25
      21
      18
      22
      25
      28
      31
      27
      21
      25
      20
      28
      18
      18
      19
      18
      18
      28
      22
      20
      21
      13
      18
      21
      25
      28
      25
      23
      21
      26
      21
      20
      15
      20
      25
      21
      24
      19
      19
      25
      20
      22
      15
      16
      24
      23
      14
      25
      19
      21
      23
      29
      33
      20
      36
      19
      27
      15
      22
      19
      25
      22
      23
      19
      21
      13
      16
      21
      14
      25
      14
      19
      17
      20
      13
      16
      19
      20
      24
      20
      27
      19
      22
      16
      19
      18
      16
      24
      23
      20
      18
      21
      13
      17
      24
      24
      22
      24
      22
      20
      23
      17
      22
      18
      24
      17
      25
      13
      17
      13
      19
      11
      16
      18
      15
      19
      18
      18
      28
      23
      20
      18
      13
      21
      24
      24
      11
      14
      19
      17
      17
      24
      19
      12
      15
      24
      17
      17
      14
      16
      19
      18
      22
      15
      27
      31
      23
      22
      17
      21
      20
      20
      22
       9
      21
      20
      16
      19
      16
      23
      13
      16
      20
      24
      18
      22
      37
      19
      24
      19
      23
      13
      21
      29
      22
      24
      16
      22
      15
      17
      23
      22
      28
      20
      19
      21
      21
       9
      21
      13
      21
      14
      18
      12
      14
      18
      24
      15
      15
      24
      15
      18
      19
      20
      25
      23
      16
      23
      16
      19
      12
      14
      15
      14
      22
      21
      16
      16
      15
      19
      12
      18
      24
      15
      19
      19
      19
      22
      12
      17
      28
      16
      26
      25
      15
      23
      19
      15
      12
      23
      17
      27
      26
      21
      12
      17
      15
      20
      21
      27
      19
       8
      22
      15
      13
      20
      19
      22
      20
      26
      22
      27
      21
      19
      25
      18
      33
      21
      17
      25
      17
      22
      30
      27
      38
      53
      77
      87
     136
     196
     200
     221
     183
     132
      90
      43
      29
      17
      17
      16
      18
      18
      18
      19
      17
      20
      22
      11
      16
      17
      15
      23
      15
       9
      16
      21
      20
      20
      27
      19
      32
      25
      21
      15
      21
      16
      19
      16
      10
      19
      22
      22
      19
      20
      19
      18
      13
      21
      22
      11
      14
      13
      17
      17
      10
      13
      22
      22
      13
      18
      15
      16
      22
      14
      20
      15
      20
      12
       8
      31
      19
      23
      13
      23
      14
      15
      17
      24
      29
      25
      36
      40
      35
      31
      34
      17
      21
      23
      17
      14
      21
      15
      17
      24
      15
      12
      15
      12
      12
       9
      14
      22
      11
      10
      17
      22
      16
      15
      14
      14
      15
      19
      18
      11
      23
      10
      16
      19
      11
      17
      18
      22
      22
      12
      15
      13
      17
      16
      14
      12
      13
      16
      15
      15
      12
      11
      14
      21
      16
      16
      31
      27
      31
      24
      27
      23
      16
      24
      14
      15
      10
      18
      14
      14
      26
      12
      14
      16
      13
      10
      15
       9
       7
      11
      14
      11
      14
      13
      17
      14
      12
      13
       8
      15
      19
      16
      14
      10
      19
      15
      13
      18
      12
      16
      15
      17
      15
      11
      11
      22
      12
      21
      18
      10
      18
      12
      17
      23
      16
      17
      22
      24
      11
      18
      21
      14
      16
      10
      16
      17
      13
      20
      14
      17
      11
       9
       8
      14
      15
      15
       9
      19
      19
      10
      12
      15
      14
      22
      15
      12
      11
      16
       7
      10
      16
      17
       9
       9
      21
      11
      12
      12
      16
       3
      12
      12
      16
      16
      10
      14
      12
      15
      12
       8
      22
      12
      12
       9
      17
      17
      14
      19
      16
      20
      19
      13
      21
      28
      33
      36
      60
      70
      90
      81
      77
      30
      36
      26
      22
      21
      14
      14
      12
      16
      15
      18
       9
      10
      14
      18
      12
       9
      11
      18
      17
      17
       7
      19
      12
       8
      18
      10
      12
      14
      15
      16
      11
      15
      17
      21
      13
      14
      24
      16
      11
      15
      16
      14
      15
      13
      10
       9
      12
      16
      12
      12
       8
      13
      10
      10
      20
      20
       8
       9
      13
       9
      16
      16
      12
      15
      10
      15
      11
      13
      20
      12
       9
       9
      11
      15
      17
       9
      20
      16
      14
      18
      10
      13
      11
      12
      12
      16
      11
      15
      12
      27
      17
      21
      23
      16
      27
      24
      28
      21
      24
      14
      15
      12
       6
      20
      13
      22
      13
      16
       9
      10
       8
      17
      16
      14
      15
       9
      28
       8
      18
      11
      15
      12
      13
      10
       9
      15
      12
      13
      12
      12
       7
       6
      16
       5
      11
      15
      14
      11
       9
       5
      11
      15
       6
      18
       8
       8
      12
      15
      16
       8
      12
      13
      14
      13
      13
      15
      14
      12
       9
       7
      14
      12
      14
      12
       7
      10
       9
      17
      11
       9
       9
      19
      18
      17
      12
      14
      10
      16
      16
      11
      13
       6
      12
       9
      17
       9
       8
      15
      12
      14
      11
      15
       8
      17
      12
      13
      17
      14
      12
      17
       8
      13
      18
      16
      11
       5
      12
      12
      16
      13
      16
      14
      11
      11
      20
      12
      13
      11
       7
      14
       7
      13
      10
      19
      15
       9
      10
      13
      12
      13
      15
       8
      18
       9
      14
      15
       7
      14
      11
      11
       6
      12
      21
      10
      12
      12
      14
      17
       8
      15
      11
      16
      11
      15
      14
      14
       9
      11
      12
      14
      16
      14
       9
      14
      14
      11
      14
      12
       8
       8
      11
      11
      10
      12
      19
       6
       6
      12
      14
      17
      11
      13
      10
      12
      18
      17
      21
      10
      10
      11
      13
      14
      13
      12
      18
      10
      15
      13
      14
      14
      15
      15
      10
       9
      21
      10
      21
      15
      17
      13
      18
       8
      28
      18
      26
      27
      37
      50
      37
      45
      35
      30
      23
      19
      14
      10
       9
      12
      10
      14
      10
      13
      13
      18
      17
      20
      17
      19
      11
      17
      14
      11
      11
      10
      12
      13
      13
      21
       7
      15
      10
      13
       9
      23
       9
       8
      14
      12
      12
      11
      11
      11
      15
      17
       6
       9
      12
      13
      17
      25
      19
      19
      28
      25
      29
      20
      17
      22
      15
      18
      15
      11
      16
      12
      19
      31
      30
      31
      38
      32
      27
      29
      15
      12
      11
      16
      17
      19
       6
      12
      12
      12
      12
      16
       6
      11
      20
       4
      11
       9
       9
       5
       9
      16
       8
       6
      13
       9
       9
      14
      20
      18
      13
      10
      17
      12
      17
      12
      20
      10
      20
      13
      21
      21
      14
      11
      14
      11
      14
      10
      17
      14
      10
       7
      10
      14
      12
      10
       4
       9
       5
      18
      17
      10
      14
       9
      11
      11
      14
      13
      15
      13
      14
      10
      15
       3
      18
      10
      13
      18
       8
      12
       8
       8
      13
      14
      11
      17
      11
       7
      12
       9
       7
      17
       8
      14
      14
       4
      17
      13
      24
      17
      21
       8
       8
      14
      17
       9
      17
      13
      11
       8
       8
      20
      11
      11
      13
       7
      14
      16
      11
      13
      13
      17
      20
       8
      12
      13
      19
       8
      12
      11
      13
      11
      11
      11
      12
      10
      18
      17
       9
      11
      14
      10
       8
      14
      16
      21
       9
      13
       8
      14
      15
      13
      14
      14
      11
       6
      10
      12
       9
      16
      24
      12
      12
      15
      12
      17
       7
      15
      14
      13
      16
      14
      17
      13
      16
      16
      12
      12
      10
      17
       7
      15
      12
      20
      17
      15
       9
      13
      14
      18
       8
      12
      15
      14
       8
      17
       9
      17
      14
       8
      13
      12
      16
      14
      12
       8
       9
      13
      16
      10
      14
      19
      21
      11
      13
      13
      17
      12
      17
      12
      18
      12
      16
      16
      13
      16
      21
      32
      32
      32
      41
      30
      25
      22
      13
      13
      13
       7
      12
      15
      18
      13
      19
       8
      12
       8
      13
      20
      14
       9
      12
      21
       8
      10
      14
      15
      17
      11
      13
      11
      20
      15
      13
       9
      15
      18
      17
      18
      12
      10
      10
      13
      12
      13
       6
       9
      10
      12
      12
      13
       8
      19
       6
       8
      12
      11
      14
      18
      14
      16
       9
      12
      11
      18
      12
      10
      19
      12
       7
       7
      14
       8
      12
      12
       9
      11
      12
       8
      12
      15
      11
       7
       7
       8
       6
       8
       4
       4
       5
      10
       9
      11
      11
      10
       6
      14
      11
      11
      11
      12
       9
      10
      10
       7
      10
       9
      10
      12
      11
       9
       8
      11
      11
      10
       6
      11
       9
       8
      11
       4
      12
       7
       9
      10
      11
      11
      10
       6
       9
       8
       5
       9
       5
       8
      10
       5
       4
       9
       7
       5
       6
       6
       7
       8
       5
       8
       4
       0
      10
       5
      13
      10
      12
      10
       5
       6
       6
       8
      13
      13
      10
      14
       9
       8
       5
       7
       7
      12
       6
       8
      14
      16
      14
      11
       6
       7
       3
       5
       9
      11
       4
       8
       6
       3
       6
       5
       6
       9
       9
       5
       7
      13
      15
       9
      12
       9
      16
       9
       8
      11
       9
       6
       5
      14
      19
      14
      13
      11
      13
       5
       6
      13
       6
       8
       2
       6
       5
       7
       5
       7
       6
       7
       4
       9
       6
      10
       6
       3
       7
       8
       4
       3
      12
       3
       6
       3
       6
       7
       5
      10
       5
       5
       3
       9
       4
       3
       6
       9
       7
       6
       4
       7
      10
       9
       8
       7
       4
       3
       6
       5
       4
       1
       6
       6
       7
       7
      10
       6
       5
       5
       6
       7
       2
       6
       0
       8
       8
       7
       6
       4
       5
       5
       9
       4
       5
       5
       6
       5
       6
       7
       8
      11
       2
       9
       5
       8
       3
       4
       2
       3
       4
       3
      10
       3
       3
       2
       5
       1
       3
       7
       5
       7
       6
       2
       4
       3
       9
       4
       4
       4
       3
       3
       2
       6
       4
       8
       6
       8
       3
      10
       2
       3
       7
       3
       7
       7
       6
       8
       4
       6
       7
       6
       4
       8
       8
       8
       5
       8
      13
       5
       8
       9
       7
       4
       8
       4
       5
       3
       2
       3
       6
       4
       8
       4
       2
       3
       5
       5
       2
       1
       2
       4
       6
       5
       2
       6
       2
       4
       3
       3
       2
       5
       3
       6
       5
       3
       4
       2
       2
       2
       2
       3
       7
       4
       2
       1
       3
       3
       5
       4
       4
       5
       5
       8
       7
       4
       6
       5
       5
       4
       5
       4
       2
       3
       6
       6
       2
       3
       5
       1
       3
       4
       4
       3
       6
       3
       9
       7
       5
       5
       5
       5
       3
       4
       2
       4
       5
       2
       1
       5
       6
       4
       4
       5
       3
       6
       2
       2
       4
       2
       7
       7
       3
       4
       3
       7
       5
       8
       4
       3
       2
       2
       3
       3
       4
       5
       3
       4
       6
       5
       6
       1
       4
       2
       4
       1
       2
       4
       4
       3
       4
       3
       4
       3
       6
       7
       6
       4
       3
       1
       3
       3
       3
       4
       5
       3
       2
       7
      11
       4
       6
      15
       2
       9
      12
      16
      14
      32
      25
      16
      18
      17
       7
       8
       9
       9
       3
       9
       4
       3
       4
       2
       4
       6
       3
       4
       3
       6
       3
       3
       3
       3
       2
       3
       3
       4
       1
       5
       4
       1
       5
       4
       5
       1
       1
       3
       4
       8
       1
       6
       1
      10
      24
      27
      26
      34
      21
      23
      17
      20
      25
      28
      21
      20
      26
      26
      18
      21
      25
      22
      19
      27
      21
      26
      26
      17
      31
      26
      28
      30
      21
      31
      22
      28
      34
      46
      36
      37
      56
      46
      36
      34
      23
      19
      14
       8
       4
       7
      10
       5
       5
       2
       8
       5
       8
       4
       3
       7
       7
      10
       1
       9
       7
       4
       5
$ROI:
19
81 97
163 181
193 209
417 441
546 570
591 605
670 692
795 827
1392 1418
1529 1539
1763 1792
1809 1819
1847 1871
2145 2161
2266 2278
2570 2598
2846 2866
3981 3995
4027 4041
$PRESETS:
Live Time
200
0
$ENER_FIT:
0.787605 0.433628
$MCA_CAL:
3
7.876048E-001 4.336283E-001 0.000000E+000 keV
$SHAPE_CAL:
3
0.000000E+000 0.000000E+000 0.000000E+000
